Raw value,Corresponding cumulative value,Corresponding Cloglog value,Fractional area,Training omission,Test omission
7.57054E-12,0.000000001,0.000000012,0.99990009,0,0
1.02652E-11,0.000000003,0.000000017,0.99970027,0,0
1.24292E-11,0.00000001,0.00000002,0.999100809,0,0
1.45739E-11,0.000000026,0.000000024,0.997901888,0,0
2.15848E-11,0.000000101,0.000000035,0.993605755,0,0
3.40106E-11,0.000000252,0.000000055,0.9881107,0,0
7.17301E-11,0.000001003,0.000000116,0.974023379,0,0
1.20278E-10,0.000002509,0.000000195,0.957937856,0,0
4.00938E-10,0.000010039,0.00000065,0.926566091,0,0
8.89382E-10,0.000025011,0.000001443,0.902787491,0,0
1.3586E-9,0.000050072,0.000002204,0.879908083,0,0
2.21223E-9,0.000100034,0.000003588,0.85143371,0,0
4.33726E-9,0.000250389,0.000007035,0.803976421,0,0
1.00219E-8,0.000500211,0.000016256,0.767409332,0,0
2.22931E-8,0.001000578,0.00003616,0.734139275,0,0
6.06134E-8,0.002505646,0.000098314,0.694874613,0,0
1.29966E-7,0.005011704,0.000210791,0.66630033,0,0
3.04005E-7,0.010003327,0.000492993,0.641322809,0,0
7.58917E-7,0.025033703,0.001230254,0.611649515,0,0
1.52678E-6,0.050028475,0.002473473,0.588969927,0,0
2.97721E-6,0.100166209,0.004817573,0.566390249,0,0
5.21873E-6,0.20038868,0.008429374,0.541912279,0,0
6.8603E-6,0.300265829,0.011066154,0.525327206,0.002906977,0
8.18175E-6,0.400788006,0.013183627,0.511939255,0.002906977,0
9.74335E-6,0.500759734,0.015680079,0.500749326,0.002906977,0
1.09262E-5,0.600715486,0.017566808,0.491157958,0.002906977,0
1.21174E-5,0.7007848,0.019463279,0.482465781,0.005813953,0
1.2597E-5,0.750257234,0.0202257,0.478469378,0.005813953,0
1.30989E-5,0.800328429,0.021023131,0.474572884,0.005813953,0
1.38545E-5,0.901247642,0.022222172,0.467079628,0.005813953,0
1.46635E-5,1.001433428,0.02350448,0.460085923,0.005813953,0
1.53416E-5,1.100621635,0.024577866,0.453491857,0.005813953,0
1.60902E-5,1.20133827,0.025761583,0.447097612,0.005813953,0
1.67551E-5,1.300079899,0.026811808,0.441103007,0.005813953,0
1.74685E-5,1.400962809,0.027937324,0.435208313,0.005813953,0
1.81738E-5,1.5009266,0.029048835,0.429613348,0.005813953,0
1.99152E-5,1.750488623,0.031787474,0.416525127,0.005813953,0
2.15082E-5,2.001546033,0.034286018,0.404436008,0.005813953,0
2.28731E-5,2.250115248,0.03642178,0.393246079,0.005813953,0
2.41398E-5,2.502042964,0.038399512,0.3825557,0.005813953,0
2.53491E-5,2.752283364,0.04028388,0.372464782,0.005813953,0
2.67577E-5,3.00219345,0.04247418,0.362873414,0.005813953,0
2.80786E-5,3.251903662,0.044523567,0.353781597,0.005813953,0
2.92792E-5,3.50113411,0.046382499,0.34508942,0.00872093,0
3.06573E-5,3.750059496,0.048511796,0.336796883,0.00872093,0
3.23704E-5,4.00165635,0.051152057,0.328804076,0.00872093,0
3.38959E-5,4.253307103,0.053497084,0.32121091,0.00872093,0
3.55452E-5,4.503199864,0.056025887,0.314017384,0.011627907,0
3.6883E-5,4.753318406,0.058072038,0.307123589,0.011627907,0
3.82467E-5,5.00157933,0.060153275,0.300529523,0.011627907,0
3.93573E-5,5.253718305,0.061844938,0.294035368,0.011627907,0
4.07699E-5,5.502297148,0.063991992,0.287840943,0.011627907,0
4.1952E-5,5.750461169,0.065785049,0.281846338,0.014534884,0
4.30174E-5,6.001432759,0.067398089,0.275951644,0.014534884,0
4.42863E-5,6.254360799,0.069315592,0.270156859,0.014534884,0
4.53465E-5,6.500774347,0.070914849,0.264661804,0.020348837,0
4.64418E-5,6.753425791,0.072564055,0.25916675,0.020348837,0
4.74195E-5,7.002337103,0.074033661,0.253871516,0.023255814,0
4.84481E-5,7.251617875,0.075577215,0.248676191,0.023255814,0
4.97689E-5,7.501896145,0.077555661,0.243580777,0.023255814,0
5.10378E-5,7.754132756,0.079452238,0.238585273,0.026162791,0
5.27026E-5,8.002993774,0.081934765,0.233789589,0.026162791,0
5.41022E-5,8.254018416,0.084016722,0.229093816,0.026162791,0
5.53776E-5,8.500687322,0.085909622,0.224597862,0.026162791,0
5.6525E-5,8.752666971,0.087609289,0.220101908,0.026162791,0
5.78886E-5,9.003963163,0.089625191,0.215705865,0.031976744,0
5.93815E-5,9.250433484,0.091827061,0.211509641,0.034883721,0
6.08896E-5,9.503389074,0.094046003,0.207313418,0.034883721,0
6.25752E-5,9.750269002,0.096519527,0.203317015,0.034883721,0
6.3637E-5,10.002780196,0.098074339,0.199320611,0.034883721,0.026315789
6.53866E-5,10.254092264,0.100630273,0.195424118,0.034883721,0.026315789
6.72364E-5,10.500001532,0.103324879,0.191727445,0.034883721,0.026315789
6.84294E-5,10.750699626,0.105058252,0.188030772,0.034883721,0.026315789
6.97502E-5,11.006498394,0.106973611,0.184334099,0.034883721,0.026315789
7.14238E-5,11.253324111,0.109394659,0.180837246,0.037790698,0.026315789
7.31559E-5,11.506554254,0.111893283,0.177340394,0.037790698,0.026315789
7.49603E-5,11.751294411,0.114488903,0.174043361,0.040697674,0.026315789
7.64995E-5,12.001140041,0.116696991,0.170746328,0.043604651,0.026315789
7.82069E-5,12.256430788,0.119139886,0.167449296,0.049418605,0.026315789
7.9918E-5,12.501763975,0.121581292,0.164352083,0.049418605,0.026315789
8.1821E-5,12.752304006,0.124288675,0.161254871,0.055232558,0.052631579
8.3205E-5,13.000002537,0.126252397,0.158257568,0.055232558,0.052631579
8.50769E-5,13.252534859,0.128901258,0.155260266,0.055232558,0.052631579
8.7056E-5,13.5025199,0.131693254,0.152362873,0.055232558,0.052631579
8.8869E-5,13.757415181,0.134243042,0.149465481,0.058139535,0.078947368
9.16876E-5,14.001167617,0.138192197,0.146767909,0.061046512,0.078947368
9.41904E-5,14.251842724,0.141683809,0.144070337,0.066860465,0.078947368
9.71285E-5,14.50153528,0.14576456,0.141472675,0.069767442,0.078947368
9.98161E-5,14.757004666,0.149480411,0.138875012,0.075581395,0.078947368
1.02313E-4,15.009733309,0.152918175,0.13637726,0.075581395,0.078947368
1.05152E-4,15.258517919,0.156810404,0.133979419,0.081395349,0.078947368
1.07466E-4,15.502822855,0.159969332,0.131681487,0.081395349,0.078947368
1.10051E-4,15.752068371,0.163483264,0.129383555,0.081395349,0.105263158
1.13328E-4,16.009284396,0.167918913,0.127085623,0.084302326,0.105263158
1.15808E-4,16.261154705,0.171259247,0.124887601,0.084302326,0.105263158
1.18014E-4,16.506769729,0.174219731,0.122789489,0.087209302,0.105263158
1.20198E-4,16.756760493,0.177139027,0.120691378,0.093023256,0.105263158
1.23389E-4,17.000492197,0.181387317,0.118693176,0.095930233,0.105263158
1.26367E-4,17.250382466,0.185332542,0.116694975,0.101744186,0.105263158
1.28833E-4,17.50517019,0.188584017,0.114696773,0.101744186,0.105263158
1.33023E-4,17.7548527,0.194079951,0.112798481,0.101744186,0.105263158
1.36273E-4,18.011004503,0.198318618,0.11090019,0.101744186,0.105263158
1.40663E-4,18.261162098,0.204005931,0.109101808,0.101744186,0.105263158
1.44591E-4,18.504472846,0.20906196,0.107403337,0.101744186,0.105263158
1.47439E-4,18.752765737,0.212707235,0.105704866,0.10755814,0.131578947
1.51947E-4,19.0078637,0.21844324,0.104006394,0.10755814,0.157894737
1.56335E-4,19.25442199,0.223986485,0.102407833,0.113372093,0.157894737
1.60661E-4,19.50909633,0.229412532,0.100809272,0.119186047,0.157894737
1.63121E-4,19.752357038,0.23248148,0.09931062,0.127906977,0.157894737
1.68157E-4,20.01677459,0.238725753,0.097712059,0.13372093,0.157894737
1.72555E-4,20.255500886,0.244137195,0.096313318,0.139534884,0.157894737
1.79052E-4,20.50267423,0.252061189,0.094914577,0.14244186,0.157894737
1.82859E-4,20.756180138,0.256664901,0.093515836,0.148255814,0.157894737
1.86285E-4,21.015087081,0.260785092,0.092117095,0.148255814,0.157894737
1.92025E-4,21.262766652,0.267635712,0.090818264,0.154069767,0.157894737
1.96544E-4,21.515503448,0.272983569,0.089519433,0.154069767,0.184210526
2.00605E-4,21.753193473,0.27775752,0.088320512,0.156976744,0.184210526
2.06076E-4,22.016737221,0.28413828,0.08702168,0.156976744,0.184210526
2.10136E-4,22.266390558,0.288836764,0.08582276,0.159883721,0.184210526
2.13211E-4,22.520303023,0.29237581,0.084623839,0.159883721,0.184210526
2.20121E-4,22.758769141,0.300262875,0.083524828,0.159883721,0.184210526
2.2376E-4,23.003109517,0.304380345,0.082425817,0.162790698,0.184210526
2.27058E-4,23.251527906,0.308092404,0.081326806,0.168604651,0.184210526
2.32659E-4,23.504677218,0.314349057,0.080227795,0.168604651,0.184210526
2.36959E-4,23.763160973,0.319114697,0.079128784,0.168604651,0.184210526
2.45087E-4,24.002699988,0.32803349,0.078129683,0.168604651,0.184210526
2.50699E-4,24.250690861,0.334122602,0.077130582,0.168604651,0.184210526
2.54691E-4,24.503890147,0.338420531,0.076131482,0.174418605,0.184210526
2.62637E-4,24.763334134,0.346892268,0.075132381,0.174418605,0.184210526
2.6817E-4,25.003149046,0.35272731,0.07423319,0.174418605,0.184210526
2.76713E-4,25.276792797,0.361635475,0.073234089,0.177325581,0.184210526
2.83045E-4,25.501096988,0.368157867,0.072434809,0.177325581,0.184210526
2.88701E-4,25.758435966,0.373928299,0.071535618,0.177325581,0.184210526
2.94918E-4,26.021758684,0.380210903,0.070636427,0.186046512,0.210526316
2.99046E-4,26.259955214,0.384346303,0.069837147,0.191860465,0.210526316
3.08182E-4,26.504259683,0.393402448,0.069037866,0.194767442,0.210526316
3.149E-4,26.753686585,0.399976817,0.068238585,0.197674419,0.210526316
3.20192E-4,27.008279229,0.405105552,0.067439305,0.200581395,0.236842105
3.2523E-4,27.266171411,0.40994707,0.066640024,0.203488372,0.263157895
3.36937E-4,27.532545197,0.421046707,0.065840743,0.206395349,0.263157895
3.43542E-4,27.770868799,0.427216196,0.065141373,0.209302326,0.263157895
3.47773E-4,28.013055543,0.43113362,0.064442002,0.209302326,0.263157895
3.53038E-4,28.258783269,0.435971112,0.063742632,0.215116279,0.263157895
3.58518E-4,28.508207897,0.440962388,0.063043261,0.223837209,0.263157895
3.68765E-4,28.763505596,0.450177807,0.06234389,0.223837209,0.263157895
3.78182E-4,29.026372293,0.458512263,0.06164452,0.223837209,0.263157895
3.83798E-4,29.255028043,0.463422469,0.061045059,0.223837209,0.263157895
3.90732E-4,29.526043375,0.469423625,0.060345689,0.223837209,0.263157895
3.97652E-4,29.762335032,0.47534555,0.059746228,0.229651163,0.263157895
4.07223E-4,30.005416358,0.483428049,0.059146768,0.23255814,0.263157895
4.15536E-4,30.252683173,0.490346712,0.058547307,0.238372093,0.263157895
4.18615E-4,30.503162586,0.492886219,0.057947847,0.247093023,0.263157895
4.23367E-4,30.75639295,0.49677993,0.057348386,0.25,0.263157895
4.25523E-4,31.011011198,0.498536796,0.056748926,0.255813953,0.289473684
4.33808E-4,31.269610992,0.505230937,0.056149465,0.25872093,0.289473684
4.51903E-4,31.535792548,0.519541738,0.055550005,0.25872093,0.289473684
4.60124E-4,31.764952652,0.525905641,0.055050455,0.261627907,0.289473684
4.671E-4,32.043196757,0.531240024,0.054450994,0.264534884,0.289473684
4.71348E-4,32.278217595,0.534459368,0.053951444,0.26744186,0.289473684
4.79273E-4,32.515169453,0.540405461,0.053451893,0.270348837,0.289473684
4.82803E-4,32.755693986,0.543029623,0.052952343,0.270348837,0.289473684
5.01607E-4,33.00311689,0.55675725,0.052452792,0.273255814,0.289473684
5.08178E-4,33.25515203,0.561456193,0.051953242,0.276162791,0.289473684
5.17853E-4,33.512457842,0.56828534,0.051453692,0.279069767,0.289473684
5.35603E-4,33.777091318,0.580537259,0.050954141,0.279069767,0.289473684
5.4513E-4,34.047152997,0.586969824,0.050454591,0.287790698,0.289473684
5.52499E-4,34.266844312,0.591877135,0.050054951,0.287790698,0.289473684
5.66734E-4,34.547886949,0.601193118,0.0495554,0.287790698,0.289473684
5.73696E-4,34.776500189,0.60567121,0.04915576,0.290697674,0.289473684
5.76621E-4,35.006975167,0.607537954,0.048756119,0.290697674,0.289473684
5.87739E-4,35.298869268,0.614552092,0.048256569,0.296511628,0.289473684
5.92488E-4,35.534919938,0.617509981,0.047856929,0.299418605,0.289473684
6.00369E-4,35.773902164,0.622368486,0.047457288,0.302325581,0.289473684
6.06684E-4,36.015642801,0.626216385,0.047057648,0.302325581,0.289473684
6.11593E-4,36.259601607,0.629180946,0.046658008,0.311046512,0.289473684
6.14305E-4,36.504711845,0.630808889,0.046258367,0.319767442,0.289473684
6.25553E-4,36.751884116,0.637483611,0.045858727,0.322674419,0.289473684
6.33758E-4,37.004509101,0.642276259,0.045459087,0.322674419,0.289473684
6.38569E-4,37.258892372,0.645056915,0.045059446,0.325581395,0.289473684
6.45254E-4,37.516019863,0.648885424,0.044659806,0.331395349,0.289473684
6.5149E-4,37.775685604,0.652418566,0.044260166,0.337209302,0.289473684
6.57522E-4,38.037520961,0.65580293,0.043860526,0.337209302,0.289473684
6.70031E-4,38.304023324,0.662716445,0.043460885,0.343023256,0.289473684
6.77183E-4,38.50621156,0.666606649,0.043161155,0.343023256,0.289473684
6.82732E-4,38.778599779,0.669594146,0.042761515,0.348837209,0.289473684
6.93638E-4,39.054023798,0.675387682,0.042361874,0.351744186,0.289473684
7.03852E-4,39.265006534,0.680721518,0.042062144,0.35755814,0.289473684
7.08528E-4,39.547642301,0.683133868,0.041662504,0.36627907,0.289473684
7.23729E-4,39.763430069,0.690851629,0.041362774,0.36627907,0.315789474
7.34766E-4,40.054882362,0.696336878,0.040963133,0.369186047,0.315789474
7.49078E-4,40.277316384,0.703304846,0.040663403,0.372093023,0.315789474
7.55085E-4,40.503151734,0.706182069,0.040363673,0.375,0.342105263
7.60309E-4,40.805970968,0.708660974,0.039964032,0.377906977,0.342105263
7.69724E-4,41.036117134,0.713076651,0.039664302,0.380813953,0.342105263
7.77112E-4,41.268319585,0.716494281,0.039364572,0.38372093,0.342105263
7.85935E-4,41.503233409,0.720523183,0.039064842,0.389534884,0.368421053
7.92295E-4,41.819102144,0.723391231,0.038665201,0.395348837,0.368421053
8.00806E-4,42.05895308,0.727183903,0.038365471,0.401162791,0.368421053
8.14915E-4,42.301490741,0.733356441,0.038065741,0.404069767,0.421052632
8.17825E-4,42.546386174,0.734611906,0.037766011,0.409883721,0.421052632
8.29266E-4,42.793680442,0.739491751,0.03746628,0.412790698,0.421052632
8.39783E-4,43.044455558,0.743898182,0.03716655,0.415697674,0.421052632
8.46043E-4,43.297074969,0.746485476,0.03686682,0.418604651,0.421052632
8.49219E-4,43.551339446,0.747788131,0.03656709,0.427325581,0.421052632
8.51973E-4,43.806859618,0.748912372,0.036267359,0.430232558,0.421052632
8.6354E-4,44.064576251,0.753579278,0.035967629,0.433139535,0.421052632
8.71138E-4,44.325593348,0.756597575,0.035667899,0.438953488,0.421052632
8.75678E-4,44.500469512,0.758383705,0.035468079,0.438953488,0.421052632
8.80605E-4,44.764297109,0.760306737,0.035168348,0.444767442,0.421052632
8.85552E-4,45.029569097,0.762222391,0.034868618,0.447674419,0.421052632
8.87942E-4,45.295722321,0.763142601,0.034568888,0.450581395,0.421052632
8.89401E-4,45.562453717,0.763702347,0.034269158,0.453488372,0.421052632
8.97686E-4,45.818678147,0.766856856,0.033969428,0.456395349,0.421052632
9.06289E-4,46.011390617,0.770087691,0.033769607,0.459302326,0.447368421
9.12587E-4,46.284495835,0.772424321,0.033469877,0.462209302,0.447368421
9.26527E-4,46.561959681,0.777512343,0.033170147,0.465116279,0.447368421
9.32147E-4,46.840770315,0.779531306,0.032870417,0.465116279,0.447368421
9.39887E-4,47.028663012,0.782282079,0.032670596,0.465116279,0.447368421
9.46147E-4,47.311540023,0.784481746,0.032370866,0.465116279,0.447368421
9.49827E-4,47.50136409,0.785764319,0.032171046,0.468023256,0.447368421
9.55381E-4,47.787374104,0.787685545,0.031871316,0.473837209,0.447368421
9.67361E-4,48.075894166,0.791771421,0.031571586,0.476744186,0.447368421
9.72492E-4,48.270296733,0.793497316,0.031371765,0.479651163,0.447368421
9.79797E-4,48.563941375,0.795929892,0.031072035,0.485465116,0.447368421
9.81353E-4,48.760137071,0.796444131,0.030872215,0.488372093,0.447368421
9.93872E-4,49.057552228,0.800536167,0.030572485,0.488372093,0.473684211
1.00796E-3,49.258416363,0.805043564,0.030372665,0.494186047,0.473684211
1.02389E-3,49.565016973,0.810014938,0.030072934,0.5,0.5
1.029E-3,49.770574549,0.811584335,0.029873114,0.505813953,0.526315789
1.03183E-3,50.079935267,0.81244709,0.029573384,0.511627907,0.552631579
1.03748E-3,50.287024206,0.814156521,0.029373564,0.514534884,0.552631579
1.04604E-3,50.600778675,0.816720778,0.029073834,0.51744186,0.552631579
1.05124E-3,50.805633817,0.818260909,0.028874013,0.51744186,0.552631579
1.06048E-3,51.022321618,0.820961808,0.028674193,0.520348837,0.578947368
1.06815E-3,51.341500181,0.823175537,0.028374463,0.523255814,0.578947368
1.07944E-3,51.557128554,0.82638484,0.028174643,0.523255814,0.578947368
1.08747E-3,51.774609759,0.828632124,0.027974823,0.526162791,0.605263158
1.09447E-3,52.102013722,0.830566259,0.027675092,0.531976744,0.605263158
1.10964E-3,52.323869847,0.83468554,0.027475272,0.531976744,0.605263158
1.1141E-3,52.546491884,0.835875721,0.027275452,0.537790698,0.631578947
1.11582E-3,52.7695076,0.836333749,0.027075632,0.540697674,0.631578947
1.12048E-3,53.105115531,0.837565877,0.026775902,0.546511628,0.631578947
1.1228E-3,53.329488887,0.838175597,0.026576082,0.546511628,0.631578947
1.12641E-3,53.554573474,0.839120512,0.026376261,0.546511628,0.631578947
1.13064E-3,53.780592429,0.84022274,0.026176441,0.552325581,0.631578947
1.13195E-3,54.006968002,0.840561877,0.025976621,0.555232558,0.631578947
1.14041E-3,54.3488513,0.842732972,0.025676891,0.558139535,0.631578947
1.14139E-3,54.577077252,0.842983179,0.025477071,0.558139535,0.631578947
1.15504E-3,54.807600288,0.846422853,0.02527725,0.561046512,0.631578947
1.16328E-3,55.039544247,0.848461283,0.02507743,0.563953488,0.631578947
1.16423E-3,55.272324302,0.848694588,0.02487761,0.563953488,0.631578947
1.16491E-3,55.505243047,0.848860867,0.02467779,0.569767442,0.631578947
1.16817E-3,55.855424002,0.849658922,0.02437806,0.572674419,0.631578947
1.17336E-3,56.089786082,0.850919344,0.02417824,0.575581395,0.631578947
1.18453E-3,56.32653171,0.85359598,0.023978419,0.581395349,0.657894737
1.18785E-3,56.563784479,0.854381005,0.023778599,0.584302326,0.657894737
1.19731E-3,56.803167292,0.856598084,0.023578779,0.590116279,0.657894737
1.20698E-3,57.044091964,0.858830044,0.023378959,0.593023256,0.657894737
1.21553E-3,57.286856626,0.860775939,0.023179139,0.593023256,0.657894737
1.21926E-3,57.530338153,0.861614506,0.022979319,0.598837209,0.657894737
1.22342E-3,57.774714671,0.862546004,0.022779498,0.601744186,0.657894737
1.23114E-3,58.020697517,0.864255487,0.022579678,0.60755814,0.657894737
1.23776E-3,58.268211327,0.865704871,0.022379858,0.60755814,0.657894737
1.24569E-3,58.517168622,0.867423284,0.022180038,0.613372093,0.710526316
1.25514E-3,58.751367661,0.869440054,0.021980218,0.61627907,0.710526316
1.26595E-3,59.020597252,0.871707809,0.021780398,0.622093023,0.763157895
1.27079E-3,59.274307665,0.872710668,0.021580577,0.627906977,0.763157895
1.27578E-3,59.529073935,0.873737804,0.021380757,0.630813953,0.763157895
1.27861E-3,59.784646259,0.874315852,0.021180937,0.630813953,0.763157895
1.28782E-3,60.041802522,0.876180265,0.020981117,0.63372093,0.763157895
1.29044E-3,60.299873124,0.876703795,0.020781297,0.636627907,0.763157895
1.29752E-3,60.559283661,0.878111685,0.020581477,0.636627907,0.789473684
1.30029E-3,60.819264274,0.878659423,0.020381657,0.636627907,0.789473684
1.30797E-3,61.080351868,0.880161947,0.020181836,0.636627907,0.789473684
1.30825E-3,61.342000106,0.880215062,0.019982016,0.639534884,0.789473684
1.31678E-3,61.604651417,0.881861073,0.019782196,0.64244186,0.789473684
1.32593E-3,61.869451827,0.883602852,0.019582376,0.645348837,0.789473684
1.33841E-3,62.003292636,0.885934308,0.019482466,0.648255814,0.815789474
1.35705E-3,62.274455459,0.889332185,0.019282646,0.648255814,0.815789474
1.36495E-3,62.547239227,0.890740974,0.019082825,0.651162791,0.815789474
1.37289E-3,62.821563667,0.892139777,0.018883005,0.654069767,0.815789474
1.37817E-3,63.097167927,0.893059356,0.018683185,0.654069767,0.842105263
1.37888E-3,63.372896449,0.893182624,0.018483365,0.654069767,0.842105263
1.38143E-3,63.511039796,0.8936235,0.018383455,0.654069767,0.842105263
1.38843E-3,63.788598471,0.894824056,0.018183635,0.656976744,0.842105263
1.3952E-3,64.067265964,0.895971831,0.017983815,0.656976744,0.842105263
1.39997E-3,64.347165321,0.896774587,0.017783994,0.656976744,0.842105263
1.40081E-3,64.627270912,0.896914721,0.017584174,0.656976744,0.842105263
1.40086E-3,64.767356936,0.896923309,0.017484264,0.659883721,0.842105263
1.40274E-3,65.047797142,0.897237074,0.017284444,0.662790698,0.842105263
1.41507E-3,65.330073977,0.8992718,0.017084624,0.668604651,0.842105263
1.42399E-3,65.61398159,0.900718922,0.016884804,0.674418605,0.842105263
1.42772E-3,65.756753167,0.901317076,0.016784894,0.677325581,0.842105263
1.43575E-3,66.043601262,0.902594308,0.016585073,0.683139535,0.842105263
1.44192E-3,66.331719355,0.903564531,0.016385253,0.686046512,0.842105263
1.44748E-3,66.620761319,0.904430593,0.016185433,0.688953488,0.842105263
1.4486E-3,66.765621697,0.904604606,0.016085523,0.691860465,0.842105263
1.45937E-3,67.057372589,0.906255839,0.015885703,0.694767442,0.842105263
1.46439E-3,67.350224262,0.907015977,0.015685883,0.697674419,0.842105263
1.46899E-3,67.504259632,0.907708038,0.015486063,0.703488372,0.842105263
1.48345E-3,67.793295905,0.90984721,0.015386152,0.703488372,0.868421053
1.49035E-3,68.091204179,0.910851138,0.015186332,0.706395349,0.868421053
1.50802E-3,68.391606724,0.913369472,0.014986512,0.709302326,0.868421053
1.51068E-3,68.542675204,0.913743016,0.014886602,0.712209302,0.868421053
1.51219E-3,68.844986106,0.913953006,0.014686782,0.715116279,0.868421053
1.51759E-3,69.148067865,0.914703576,0.014486962,0.718023256,0.868421053
1.52229E-3,69.300296889,0.915351592,0.014387052,0.720930233,0.868421053
1.53426E-3,69.606589834,0.916978624,0.014187231,0.723837209,0.868421053
1.53796E-3,69.76038585,0.917476036,0.014087321,0.723837209,0.868421053
1.55251E-3,70.069781923,0.919400688,0.013887501,0.726744186,0.868421053
1.56554E-3,70.289824068,0.921085971,0.013687681,0.729651163,0.868421053
1.56996E-3,70.540020586,0.921650034,0.013587771,0.73255814,0.894736842
1.59179E-3,70.858361304,0.924376491,0.013387951,0.738372093,0.894736842
1.59832E-3,71.01819321,0.925172695,0.013288041,0.74127907,0.894736842
1.60357E-3,71.338505049,0.925807889,0.013088221,0.744186047,0.894736842
1.60759E-3,71.659825603,0.926289632,0.0128884,0.747093023,0.894736842
1.60774E-3,71.820599327,0.926307135,0.01278849,0.75,0.894736842
1.60943E-3,72.142456101,0.926509148,0.01258867,0.752906977,0.894736842
1.61496E-3,72.303951939,0.927165275,0.01248876,0.755813953,0.894736842
1.63446E-3,72.630090202,0.929433457,0.01228894,0.75872093,0.894736842
1.63688E-3,72.793778346,0.929709807,0.01218903,0.75872093,0.894736842
1.64795E-3,73.122854052,0.930960014,0.01198921,0.764534884,0.894736842
1.64813E-3,73.287666986,0.930980609,0.0118893,0.764534884,0.894736842
1.65769E-3,73.618954401,0.932042458,0.011689479,0.76744186,0.921052632
1.65949E-3,73.784903362,0.932240787,0.011589569,0.770348837,0.921052632
1.67354E-3,74.118670653,0.933767612,0.011389749,0.773255814,0.921052632
1.67523E-3,74.286193485,0.93394873,0.011289839,0.776162791,0.921052632
1.69119E-3,74.622957997,0.935636528,0.011090019,0.781976744,0.921052632
1.69362E-3,74.792319982,0.935890083,0.010990109,0.781976744,0.921052632
1.70257E-3,75.132025185,0.936814159,0.010790289,0.784883721,0.921052632
1.71677E-3,75.303701715,0.938252362,0.010690379,0.787790698,0.921052632
1.746E-3,75.652581753,0.941112134,0.010490558,0.790697674,0.921052632
1.75234E-3,75.827816043,0.941714891,0.010390648,0.790697674,0.921052632
1.76232E-3,76.004047725,0.942650258,0.010290738,0.793604651,0.921052632
1.77764E-3,76.358112803,0.944058348,0.010090918,0.793604651,0.921052632
1.77821E-3,76.535933681,0.944109714,0.009991008,0.793604651,0.921052632
1.79745E-3,76.894373956,0.945827348,0.009791188,0.799418605,0.921052632
1.7981E-3,77.074183563,0.945883877,0.009691278,0.802325581,0.921052632
1.81399E-3,77.255582362,0.947261038,0.009591368,0.805232558,0.921052632
1.82804E-3,77.620327867,0.948449772,0.009391548,0.811046512,0.921052632
1.8312E-3,77.803448048,0.948713241,0.009291638,0.813953488,0.921052632
1.8355E-3,78.170279483,0.949069412,0.009091817,0.813953488,0.921052632
1.83927E-3,78.354206868,0.949380379,0.008991907,0.813953488,0.921052632
1.8408E-3,78.5382872,0.949505806,0.008891997,0.816860465,0.921052632
1.84514E-3,78.907251949,0.949859662,0.008692177,0.822674419,0.921052632
1.85145E-3,79.092397282,0.9503706,0.008592267,0.825581395,0.921052632
1.87885E-3,79.280282146,0.952527694,0.008492357,0.828488372,0.947368421
1.88046E-3,79.656285584,0.952651579,0.008292537,0.831395349,0.947368421
1.88517E-3,79.844802926,0.953012232,0.008192627,0.831395349,0.947368421
1.89274E-3,80.034076819,0.953585329,0.008092717,0.831395349,0.947368421
1.90726E-3,80.414204374,0.954665924,0.007892896,0.837209302,0.947368421
1.91385E-3,80.605589326,0.955147788,0.007792986,0.840116279,0.947368421
1.91474E-3,80.797063084,0.955212351,0.007693076,0.840116279,0.947368421
1.91711E-3,81.180414148,0.955384379,0.007493256,0.843023256,0.947368421
1.93165E-3,81.373578669,0.956423971,0.007393346,0.845930233,0.947368421
1.93276E-3,81.566854335,0.95650246,0.007293436,0.848837209,0.947368421
1.95374E-3,81.762228685,0.957958282,0.007193526,0.851744186,0.947368421
1.96577E-3,82.155198887,0.958770632,0.006993706,0.85755814,0.947368421
1.97558E-3,82.352757314,0.959421624,0.006893796,0.85755814,0.947368421
2.00309E-3,82.553066394,0.961192325,0.006793886,0.85755814,0.947368421
2.00491E-3,82.753557611,0.961306808,0.006693975,0.860465116,0.947368421
2.01729E-3,83.156520999,0.962076223,0.006494155,0.860465116,0.947368421
2.03199E-3,83.359720408,0.962969752,0.006394245,0.863372093,0.947368421
2.04152E-3,83.563872132,0.963537368,0.006294335,0.86627907,0.947368421
2.04315E-3,83.768187532,0.963634045,0.006194425,0.86627907,0.947368421
2.04802E-3,84.177727595,0.963919733,0.005994605,0.869186047,0.947368421
2.04915E-3,84.38264215,0.963985761,0.005894695,0.872093023,0.947368421
2.05329E-3,84.58797163,0.964227335,0.005794785,0.875,0.947368421
2.05734E-3,84.793705233,0.964461063,0.005694875,0.877906977,0.947368421
2.07986E-3,85.001691129,0.965735997,0.005594965,0.880813953,0.947368421
2.11706E-3,85.422478251,0.967742417,0.005395144,0.886627907,0.947368421
2.11785E-3,85.634263563,0.967783896,0.005295234,0.886627907,0.947368421
2.13286E-3,85.847549862,0.968558788,0.005195324,0.889534884,0.947368421
2.13758E-3,86.061308355,0.968798685,0.005095414,0.89244186,0.947368421
2.14648E-3,86.275956271,0.969245595,0.004995504,0.895348837,0.947368421
2.18276E-3,86.710337765,0.971003061,0.004795684,0.898255814,0.947368421
2.19252E-3,86.929589285,0.971458478,0.004695774,0.898255814,0.947368421
2.20241E-3,87.149830351,0.971912942,0.004595864,0.901162791,0.947368421
2.22203E-3,87.372033328,0.972792696,0.004495954,0.901162791,0.947368421
2.2816E-3,87.60019286,0.975298438,0.004396044,0.901162791,0.947368421
2.33536E-3,87.833729084,0.977361473,0.004296133,0.901162791,0.947368421
2.38174E-3,88.07190322,0.97900208,0.004196223,0.904069767,0.947368421
2.38539E-3,88.31044195,0.979125894,0.004096313,0.906976744,0.947368421
2.3947E-3,88.549912186,0.979438923,0.003996403,0.906976744,0.947368421
2.40344E-3,88.79025603,0.979728228,0.003896493,0.906976744,0.947368421
2.43696E-3,89.033952514,0.980801206,0.003796583,0.909883721,0.973684211
2.45079E-3,89.279031235,0.981226867,0.003696673,0.912790698,0.973684211
2.4748E-3,89.526511,0.981943958,0.003596763,0.915697674,0.973684211
2.47571E-3,89.774081631,0.981970552,0.003496853,0.915697674,0.973684211
2.48419E-3,90.022500845,0.982217019,0.003396943,0.918604651,0.973684211
2.52226E-3,90.274727222,0.983281977,0.003297033,0.921511628,0.973684211
2.52574E-3,90.52730122,0.983375979,0.003197123,0.924418605,0.973684211
2.52939E-3,90.780240249,0.983474119,0.003097213,0.927325581,0.973684211
2.53029E-3,91.03326905,0.983498166,0.002997302,0.930232558,0.973684211
2.53737E-3,91.287006298,0.98368671,0.002897392,0.930232558,0.973684211
2.55767E-3,91.542773365,0.984215078,0.002797482,0.933139535,0.973684211
2.57224E-3,91.79999694,0.984583634,0.002697572,0.936046512,0.973684211
2.5838E-3,92.058377397,0.984870229,0.002597662,0.936046512,0.973684211
2.58736E-3,92.317113514,0.984957262,0.002497752,0.938953488,0.973684211
2.61394E-3,92.578507066,0.985591907,0.002397842,0.941860465,0.973684211
2.64738E-3,92.843245348,0.986352771,0.002297932,0.944767442,0.973684211
2.67892E-3,93.111137503,0.987033375,0.002198022,0.944767442,0.973684211
2.68146E-3,93.37928371,0.987086699,0.002098112,0.947674419,0.973684211
2.72359E-3,93.651643175,0.987939734,0.001998202,0.947674419,0.973684211
2.73694E-3,93.925336678,0.988197903,0.001898292,0.950581395,0.973684211
2.75014E-3,94.200350431,0.98844796,0.001798381,0.953488372,0.973684211
2.78738E-3,94.479088606,0.989125185,0.001698471,0.956395349,0.973684211
2.78975E-3,94.758063418,0.989166847,0.001598561,0.959302326,0.973684211
2.80378E-3,95.0384416,0.989410662,0.001498651,0.962209302,0.973684211
2.87431E-3,95.325872821,0.990555401,0.001398741,0.965116279,0.973684211
2.98256E-3,95.624128679,0.992076281,0.001298831,0.968023256,0.973684211
3.02575E-3,95.926703666,0.992612409,0.001198921,0.970930233,0.973684211
3.04426E-3,96.231130163,0.992830979,0.001099011,0.973837209,0.973684211
3.09842E-3,96.540971866,0.993433827,0.000999101,0.976744186,0.973684211
3.13598E-3,96.854569796,0.993821949,0.000899191,0.979651163,1
3.29729E-3,97.184298831,0.995244289,0.000799281,0.98255814,1
3.33305E-3,97.517603468,0.995512267,0.000699371,0.985465116,1
3.53172E-3,97.870775544,0.9967486,0.00059946,0.985465116,1
3.6104E-3,98.231815337,0.997138155,0.00049955,0.988372093,1
3.6395E-3,98.59576566,0.997270125,0.00039964,0.99127907,1
3.78411E-3,98.974176552,0.997840889,0.00029973,0.994186047,1
3.90547E-3,99.364724039,0.998226716,0.00019982,0.997093023,1
6.35276E-3,100,0.99996652,0.00009991,0.997093023,1
6.35276E-3,100,0.99996652,0,0.997093023,1
