x,y,species_0 cloglog values
1.0,1.0,0.14592984
2.0,2.0,0.4553937
3.0,3.0,0.054338075
4.0,4.0,0.7282907
5.0,5.0,0.71940297
6.0,6.0,0.066870905
7.0,7.0,0.14440341
8.0,8.0,0.6996799
9.0,9.0,0.049407545
10.0,10.0,0.05044364
11.0,11.0,0.76994604
12.0,12.0,0.94932127
13.0,13.0,0.14250532
14.0,14.0,0.47976544
15.0,15.0,0.6847775
16.0,16.0,0.7728933
17.0,17.0,0.062371533
18.0,18.0,0.6870989
19.0,19.0,0.07138284
20.0,20.0,0.07114852
21.0,21.0,0.40087318
22.0,22.0,0.113202445
23.0,23.0,0.004008078
24.0,24.0,0.6892236
25.0,25.0,0.65847814
26.0,26.0,0.08648093
27.0,27.0,0.11808024
28.0,28.0,0.66099733
29.0,29.0,0.015086633
30.0,30.0,0.80763996
31.0,31.0,0.001005432
32.0,32.0,0.7101896
33.0,33.0,0.04267345
34.0,34.0,0.10592752
35.0,35.0,0.09118488
36.0,36.0,0.73861676
37.0,37.0,0.3146746
38.0,38.0,0.119403675
39.0,39.0,0.04140476
40.0,40.0,0.7818869
41.0,41.0,0.19459416
42.0,42.0,0.094217636
43.0,43.0,0.20343445
44.0,44.0,0.13411485
45.0,45.0,0.17547019
46.0,46.0,8.660952E-6
47.0,47.0,0.09490061
48.0,48.0,0.5800285
49.0,49.0,0.005255469
50.0,50.0,0.071630254
51.0,51.0,0.04474507
52.0,52.0,0.421629
53.0,53.0,0.06407745
54.0,54.0,0.7567192
55.0,55.0,0.13208601
56.0,56.0,0.3655807
57.0,57.0,0.05500697
58.0,58.0,0.27476406
59.0,59.0,0.07163868
60.0,60.0,0.72755986
61.0,61.0,0.18622309
62.0,62.0,0.72122073
63.0,63.0,0.03419628
64.0,64.0,0.17980005
65.0,65.0,0.012498067
66.0,66.0,0.036746334
67.0,67.0,0.12179846
68.0,68.0,0.08222668
69.0,69.0,0.005937124
70.0,70.0,0.03861024
71.0,71.0,0.073481664
72.0,72.0,0.0064379
73.0,73.0,0.5464231
74.0,74.0,0.121516965
75.0,75.0,0.3706078
76.0,76.0,0.17800124
77.0,77.0,0.08463586
78.0,78.0,8.505978E-5
79.0,79.0,0.18806486
80.0,80.0,0.09869193
81.0,81.0,0.022090428
82.0,82.0,0.24585697
83.0,83.0,0.048081584
84.0,84.0,0.14325358
85.0,85.0,0.051799875
86.0,86.0,0.47588915
87.0,87.0,0.5509374
88.0,88.0,0.030623896
89.0,89.0,0.02647995
90.0,90.0,0.12610051
91.0,91.0,0.15435521
92.0,92.0,0.0635346
93.0,93.0,0.7933283
94.0,94.0,0.041398287
95.0,95.0,0.05084818
96.0,96.0,3.647239E-4
97.0,97.0,0.09680196
98.0,98.0,0.06449554
99.0,99.0,0.03859363
100.0,100.0,0.33792296
101.0,101.0,6.164961E-4
102.0,102.0,0.05753313
103.0,103.0,0.16824646
104.0,104.0,0.10100511
105.0,105.0,0.12695192
106.0,106.0,0.74945784
107.0,107.0,0.08419262
108.0,108.0,0.07045196
109.0,109.0,0.06208759
110.0,110.0,0.17709358
111.0,111.0,0.0682376
112.0,112.0,4.659513E-4
113.0,113.0,0.054487266
114.0,114.0,0.70990795
115.0,115.0,0.16801654
116.0,116.0,0.7549986
117.0,117.0,0.07353114
118.0,118.0,5.81787E-4
119.0,119.0,0.0012126133
120.0,120.0,0.011723005
121.0,121.0,0.7025648
122.0,122.0,0.038102943
123.0,123.0,0.07845203
124.0,124.0,0.30484495
125.0,125.0,0.055017497
126.0,126.0,0.16532454
127.0,127.0,0.0017081983
128.0,128.0,0.054802228
129.0,129.0,0.5927998
130.0,130.0,0.062039398
131.0,131.0,0.0027878713
132.0,132.0,0.114835545
133.0,133.0,0.06901827
134.0,134.0,0.06714619
135.0,135.0,0.063446805
136.0,136.0,0.05770971
137.0,137.0,0.06300046
138.0,138.0,0.16642886
139.0,139.0,0.12938783
140.0,140.0,0.11653199
141.0,141.0,0.18551406
142.0,142.0,0.71885276
143.0,143.0,0.13025104
144.0,144.0,0.37908953
145.0,145.0,0.19996522
146.0,146.0,0.8884806
147.0,147.0,0.1314509
148.0,148.0,0.11231688
149.0,149.0,0.6451107
150.0,150.0,2.6457786E-4
151.0,151.0,0.7535383
152.0,152.0,0.05440352
153.0,153.0,0.012369068
154.0,154.0,0.25105837
155.0,155.0,0.31028548
156.0,156.0,0.051107388
157.0,157.0,0.03025207
158.0,158.0,0.6558066
159.0,159.0,0.15879868
160.0,160.0,0.061686125
161.0,161.0,0.7803268
162.0,162.0,0.0013850603
163.0,163.0,0.067148715
164.0,164.0,0.044277728
165.0,165.0,0.1629126
166.0,166.0,0.04426273
167.0,167.0,0.0731816
168.0,168.0,2.1252077E-5
169.0,169.0,0.87645936
170.0,170.0,0.7042376
171.0,171.0,5.8370047E-6
172.0,172.0,0.14144751
173.0,173.0,6.2078754E-5
174.0,174.0,0.024143644
175.0,175.0,0.026383126
176.0,176.0,0.05682778
177.0,177.0,0.022275038
178.0,178.0,0.079640426
179.0,179.0,0.010982023
180.0,180.0,0.7405633
181.0,181.0,0.23175034
182.0,182.0,0.71437705
183.0,183.0,0.12797336
184.0,184.0,0.057589043
185.0,185.0,0.03909067
186.0,186.0,2.6440533E-4
187.0,187.0,0.3247193
188.0,188.0,0.104581565
189.0,189.0,0.084194206
190.0,190.0,0.042274203
191.0,191.0,0.055711057
192.0,192.0,0.80182046
193.0,193.0,0.036327817
194.0,194.0,0.06102657
195.0,195.0,0.8048257
196.0,196.0,9.875668E-4
197.0,197.0,0.48341846
198.0,198.0,4.94915E-5
199.0,199.0,0.086047836
200.0,200.0,0.14356853
201.0,201.0,0.13281645
202.0,202.0,0.032684136
203.0,203.0,0.06755372
204.0,204.0,0.066108234
205.0,205.0,0.043839663
206.0,206.0,0.625583
207.0,207.0,0.3327706
208.0,208.0,0.083226964
209.0,209.0,1.2905235E-5
210.0,210.0,0.061537746
211.0,211.0,0.29462165
212.0,212.0,0.0060049603
213.0,213.0,0.017409725
214.0,214.0,0.04930363
215.0,215.0,0.85740197
216.0,216.0,0.20496552
217.0,217.0,0.21454135
218.0,218.0,0.08442237
219.0,219.0,0.123304926
220.0,220.0,0.02345011
221.0,221.0,0.072983816
222.0,222.0,0.09191774
223.0,223.0,0.0068577663
224.0,224.0,0.80074215
225.0,225.0,0.079852164
226.0,226.0,0.15302432
227.0,227.0,0.008715524
228.0,228.0,0.07072569
229.0,229.0,0.05773328
230.0,230.0,0.12819478
231.0,231.0,0.004200108
232.0,232.0,0.001327755
233.0,233.0,0.14410599
234.0,234.0,0.055572867
235.0,235.0,0.19304712
236.0,236.0,0.5544999
237.0,237.0,0.020623883
238.0,238.0,0.04769656
239.0,239.0,0.07439838
240.0,240.0,0.01303355
241.0,241.0,0.68670726
242.0,242.0,1.6343052E-6
243.0,243.0,0.18896262
244.0,244.0,0.038998477
245.0,245.0,0.06418123
246.0,246.0,0.59542376
247.0,247.0,9.234379E-4
248.0,248.0,0.059635267
249.0,249.0,0.7440322
250.0,250.0,0.045945387
251.0,251.0,0.09637408
252.0,252.0,0.13692032
253.0,253.0,0.70484775
254.0,254.0,0.088878945
255.0,255.0,8.019769E-5
256.0,256.0,0.010460462
257.0,257.0,0.76476014
258.0,258.0,0.07515922
259.0,259.0,0.45970798
260.0,260.0,0.74539083
261.0,261.0,0.060889825
262.0,262.0,0.69738656
263.0,263.0,0.0142353065
264.0,264.0,0.13194206
265.0,265.0,0.22772908
266.0,266.0,0.09514839
267.0,267.0,0.758884
268.0,268.0,0.05110958
269.0,269.0,0.02757891
270.0,270.0,4.722707E-4
271.0,271.0,0.13559118
272.0,272.0,0.4255895
273.0,273.0,0.0702566
274.0,274.0,0.10593463
275.0,275.0,0.6410746
276.0,276.0,0.12492122
277.0,277.0,0.1259863
278.0,278.0,0.786919
279.0,279.0,0.20173799
280.0,280.0,0.118185595
281.0,281.0,0.11559594
282.0,282.0,0.00852656
283.0,283.0,0.71090233
284.0,284.0,2.0129612E-5
285.0,285.0,0.031161753
286.0,286.0,0.55805755
287.0,287.0,1.8771616E-4
288.0,288.0,0.10157138
289.0,289.0,0.0012191846
290.0,290.0,0.09584333
291.0,291.0,0.3317673
292.0,292.0,0.04425024
293.0,293.0,0.0674629
294.0,294.0,0.08989893
295.0,295.0,0.038370732
296.0,296.0,0.15481988
297.0,297.0,0.7486196
298.0,298.0,0.1301903
299.0,299.0,0.504061
300.0,300.0,0.80786264
301.0,301.0,0.10472145
302.0,302.0,0.07856153
303.0,303.0,0.05505522
304.0,304.0,0.20237674
305.0,305.0,0.0854029
306.0,306.0,0.62151766
307.0,307.0,1.4293734E-6
308.0,308.0,0.0020095655
309.0,309.0,0.28815955
310.0,310.0,0.093074836
311.0,311.0,0.3135074
312.0,312.0,0.08281333
313.0,313.0,0.20741415
314.0,314.0,0.0948977
315.0,315.0,0.77122927
316.0,316.0,0.14566596
317.0,317.0,0.06305789
318.0,318.0,7.90204E-4
319.0,319.0,0.071912766
320.0,320.0,0.07041518
321.0,321.0,0.21973793
322.0,322.0,0.16964439
323.0,323.0,0.059555568
324.0,324.0,0.032129083
325.0,325.0,0.015529579
326.0,326.0,0.11656464
327.0,327.0,0.12120641
328.0,328.0,7.185256E-4
329.0,329.0,0.21937151
330.0,330.0,0.120493315
331.0,331.0,0.05787656
332.0,332.0,0.08388556
333.0,333.0,0.20931822
334.0,334.0,0.042438153
335.0,335.0,0.11910332
336.0,336.0,0.7670111
337.0,337.0,2.3206918E-5
338.0,338.0,0.31906068
339.0,339.0,0.6926373
340.0,340.0,0.24966596
341.0,341.0,0.063189656
342.0,342.0,0.10720257
343.0,343.0,0.090722166
344.0,344.0,0.30208153
345.0,345.0,0.19607557
346.0,346.0,0.74138296
347.0,347.0,0.03729033
348.0,348.0,0.44258046
349.0,349.0,0.18192016
350.0,350.0,0.14734958
351.0,351.0,0.06147802
352.0,352.0,0.28408745
353.0,353.0,0.7244126
354.0,354.0,0.7684186
355.0,355.0,0.10339991
356.0,356.0,0.42053303
357.0,357.0,6.9683134E-5
358.0,358.0,0.0016420517
359.0,359.0,0.020857444
360.0,360.0,0.7467537
361.0,361.0,0.004065009
362.0,362.0,0.8447671
363.0,363.0,0.093162276
364.0,364.0,0.24192949
365.0,365.0,0.16553849
366.0,366.0,0.47314999
367.0,367.0,0.008501051
368.0,368.0,0.09024686
369.0,369.0,0.08559824
370.0,370.0,0.06350458
371.0,371.0,0.034972776
372.0,372.0,0.010046471
373.0,373.0,0.075007305
374.0,374.0,0.16387868
375.0,375.0,0.035340063
376.0,376.0,0.16412874
377.0,377.0,0.1400801
378.0,378.0,0.11119931
379.0,379.0,0.21969493
380.0,380.0,0.33148503
381.0,381.0,0.7085179
382.0,382.0,0.16686971
383.0,383.0,0.037954785
384.0,384.0,0.77877516
385.0,385.0,0.07693515
386.0,386.0,5.03484E-4
387.0,387.0,0.055170603
388.0,388.0,0.10520426
389.0,389.0,0.15312782
390.0,390.0,0.23062973
391.0,391.0,0.0016219493
392.0,392.0,0.09951361
393.0,393.0,0.06538024
394.0,394.0,0.026588475
395.0,395.0,0.0061898823
396.0,396.0,0.23460123
397.0,397.0,0.050946437
398.0,398.0,0.049296442
399.0,399.0,0.10643617
400.0,400.0,0.12308038
401.0,401.0,0.027448468
402.0,402.0,0.6885721
403.0,403.0,0.028038183
404.0,404.0,0.02811249
405.0,405.0,0.26445997
406.0,406.0,0.15068296
407.0,407.0,0.17576435
408.0,408.0,0.19113958
409.0,409.0,0.07785894
410.0,410.0,0.09514674
411.0,411.0,2.6930476E-5
412.0,412.0,0.43095425
413.0,413.0,2.8605085E-5
414.0,414.0,0.102574855
415.0,415.0,0.002050021
416.0,416.0,0.09817185
417.0,417.0,0.34156087
418.0,418.0,0.40891436
419.0,419.0,0.5499502
420.0,420.0,0.77658415
421.0,421.0,0.76395977
422.0,422.0,6.969748E-5
423.0,423.0,0.16077344
424.0,424.0,0.12912951
425.0,425.0,0.12880518
426.0,426.0,0.0020323521
427.0,427.0,0.09592953
428.0,428.0,0.23004426
429.0,429.0,0.524666
430.0,430.0,0.0900428
431.0,431.0,0.19679359
432.0,432.0,0.10377745
433.0,433.0,0.02392002
434.0,434.0,0.09501845
435.0,435.0,0.61774766
436.0,436.0,0.6883128
437.0,437.0,0.693244
438.0,438.0,0.038863685
439.0,439.0,0.19296849
440.0,440.0,0.08463077
441.0,441.0,0.10488766
442.0,442.0,4.610571E-6
443.0,443.0,0.0077988626
444.0,444.0,0.30451095
445.0,445.0,0.05641267
446.0,446.0,0.07036307
447.0,447.0,0.016702328
448.0,448.0,0.0038731655
449.0,449.0,0.15629445
450.0,450.0,0.065056354
451.0,451.0,0.7074509
452.0,452.0,0.0896716
453.0,453.0,0.46812284
454.0,454.0,0.15244664
455.0,455.0,0.77700937
456.0,456.0,0.0062061613
457.0,457.0,0.064167306
458.0,458.0,0.7138497
459.0,459.0,0.066212945
460.0,460.0,0.13511737
461.0,461.0,0.45502564
462.0,462.0,0.0011072367
463.0,463.0,0.094618246
464.0,464.0,0.68090206
465.0,465.0,0.03694708
466.0,466.0,0.7639212
467.0,467.0,0.80542594
468.0,468.0,0.067075446
469.0,469.0,0.7929113
470.0,470.0,0.17120269
471.0,471.0,0.07440383
472.0,472.0,0.090832345
473.0,473.0,0.86678284
474.0,474.0,0.04968268
475.0,475.0,0.022383496
476.0,476.0,0.8027961
477.0,477.0,0.20241229
478.0,478.0,7.7709445E-4
479.0,479.0,0.09231757
480.0,480.0,0.63492745
481.0,481.0,0.062332332
482.0,482.0,0.09856543
483.0,483.0,0.0062038167
484.0,484.0,0.06183603
485.0,485.0,0.07002398
486.0,486.0,2.3007941E-4
487.0,487.0,0.76248837
488.0,488.0,0.60029393
489.0,489.0,0.19264166
490.0,490.0,0.13962871
491.0,491.0,0.077485316
492.0,492.0,0.07670968
493.0,493.0,0.0042484277
494.0,494.0,0.42049384
495.0,495.0,0.08142458
496.0,496.0,0.03447675
497.0,497.0,0.7143605
498.0,498.0,2.155491E-4
499.0,499.0,0.7118616
500.0,500.0,0.5076725
501.0,501.0,0.07584482
502.0,502.0,0.70478266
503.0,503.0,0.0023599302
504.0,504.0,0.23598969
505.0,505.0,0.043071296
506.0,506.0,0.74592125
507.0,507.0,0.097344324
508.0,508.0,0.180131
509.0,509.0,0.009664396
510.0,510.0,1.1496945E-4
511.0,511.0,0.16874468
512.0,512.0,0.050480764
513.0,513.0,0.04235995
514.0,514.0,0.6537039
515.0,515.0,0.2335354
516.0,516.0,0.07043865
517.0,517.0,0.7631624
518.0,518.0,0.038872465
519.0,519.0,0.10416309
520.0,520.0,0.09365758
521.0,521.0,0.07375005
522.0,522.0,0.23315248
523.0,523.0,0.22027129
524.0,524.0,0.16708487
525.0,525.0,0.12976998
526.0,526.0,0.07129187
527.0,527.0,0.69604546
528.0,528.0,0.028632557
529.0,529.0,0.12949067
530.0,530.0,0.71995294
531.0,531.0,0.06676392
532.0,532.0,0.1247028
533.0,533.0,0.10585293
534.0,534.0,0.47825545
535.0,535.0,0.13185771
536.0,536.0,0.18618277
537.0,537.0,1.28469455E-5
538.0,538.0,0.7539631
539.0,539.0,0.02454943
540.0,540.0,0.24726221
541.0,541.0,0.040003497
542.0,542.0,4.117402E-5
543.0,543.0,0.12154005
544.0,544.0,0.25658575
545.0,545.0,0.087753065
546.0,546.0,0.051079214
547.0,547.0,0.7760495
548.0,548.0,0.23004712
549.0,549.0,0.22454439
550.0,550.0,0.06839224
551.0,551.0,9.418966E-5
552.0,552.0,0.14400738
553.0,553.0,0.09668936
554.0,554.0,0.20210584
555.0,555.0,0.7466397
556.0,556.0,0.16244861
557.0,557.0,0.1362794
558.0,558.0,4.261015E-4
559.0,559.0,0.28600064
560.0,560.0,0.19360565
561.0,561.0,0.5763687
562.0,562.0,0.049160533
563.0,563.0,0.16202846
564.0,564.0,0.69293785
565.0,565.0,0.09728714
566.0,566.0,0.13401958
567.0,567.0,0.101291195
568.0,568.0,0.05960487
569.0,569.0,0.5060405
570.0,570.0,0.13985254
571.0,571.0,0.08675688
572.0,572.0,0.042939186
573.0,573.0,0.0019017025
574.0,574.0,0.6790106
575.0,575.0,0.075083114
576.0,576.0,0.09652476
577.0,577.0,0.18336046
578.0,578.0,0.16390431
579.0,579.0,0.044584863
580.0,580.0,2.6419766E-5
581.0,581.0,0.106163375
582.0,582.0,2.6105338E-4
583.0,583.0,0.059820347
584.0,584.0,0.56161106
585.0,585.0,0.047312345
586.0,586.0,4.951354E-4
587.0,587.0,0.74502575
588.0,588.0,0.118810676
589.0,589.0,0.14673965
590.0,590.0,2.9007042E-6
591.0,591.0,0.10989677
592.0,592.0,0.58049357
593.0,593.0,0.0072089178
594.0,594.0,0.69598055
595.0,595.0,0.08454515
596.0,596.0,0.07521321
597.0,597.0,0.03431316
598.0,598.0,0.7708115
599.0,599.0,0.18355241
600.0,600.0,0.056354363
601.0,601.0,0.117280595
602.0,602.0,0.7266765
603.0,603.0,0.06604591
604.0,604.0,0.07962419
605.0,605.0,0.077086724
606.0,606.0,0.33603185
607.0,607.0,0.09890336
608.0,608.0,0.69189835
609.0,609.0,0.7452604
610.0,610.0,0.038684223
611.0,611.0,0.10576306
612.0,612.0,0.047824126
613.0,613.0,0.34312117
614.0,614.0,0.6744181
615.0,615.0,7.562767E-6
616.0,616.0,0.26229224
617.0,617.0,0.09022149
618.0,618.0,0.08436762
619.0,619.0,6.1095314E-5
620.0,620.0,0.8585447
621.0,621.0,0.25282502
622.0,622.0,0.12567574
623.0,623.0,0.030382885
624.0,624.0,0.08964107
625.0,625.0,0.24451478
626.0,626.0,1.3880615E-6
627.0,627.0,0.2291115
628.0,628.0,0.07590148
629.0,629.0,0.7674218
630.0,630.0,0.22347715
631.0,631.0,0.77025014
632.0,632.0,0.23116516
633.0,633.0,0.073778585
634.0,634.0,0.20906898
635.0,635.0,0.14348678
636.0,636.0,0.7907717
637.0,637.0,0.14521755
638.0,638.0,0.09736537
639.0,639.0,0.25122133
640.0,640.0,0.36958957
641.0,641.0,0.043680172
642.0,642.0,0.6967347
643.0,643.0,0.76342416
644.0,644.0,0.26778805
645.0,645.0,0.03640694
646.0,646.0,0.670789
647.0,647.0,0.005600956
648.0,648.0,0.03794634
649.0,649.0,0.02475431
650.0,650.0,0.021998115
651.0,651.0,0.089274615
652.0,652.0,0.0012676612
653.0,653.0,0.23962195
654.0,654.0,1.3180418E-5
655.0,655.0,0.081057355
656.0,656.0,0.4059279
657.0,657.0,0.5086056
658.0,658.0,0.07529183
659.0,659.0,0.02772924
660.0,660.0,0.120400116
661.0,661.0,0.6371977
662.0,662.0,0.037962064
663.0,663.0,0.3014849
664.0,664.0,7.991952E-6
665.0,665.0,0.39235795
666.0,666.0,0.22618853
667.0,667.0,0.09189595
668.0,668.0,0.015995882
669.0,669.0,2.1611977E-6
670.0,670.0,0.247422
671.0,671.0,0.31945813
672.0,672.0,0.07617837
673.0,673.0,0.6941494
674.0,674.0,0.07096455
675.0,675.0,0.06062477
676.0,676.0,0.05566347
677.0,677.0,0.054115362
678.0,678.0,0.02152724
679.0,679.0,0.48652545
680.0,680.0,0.28217265
681.0,681.0,0.20814882
682.0,682.0,0.058536153
683.0,683.0,0.07115601
684.0,684.0,0.6302702
685.0,685.0,5.2893825E-4
686.0,686.0,1.4366003E-4
687.0,687.0,0.29611787
688.0,688.0,0.14626068
689.0,689.0,0.49720022
690.0,690.0,0.08822984
691.0,691.0,0.041345235
692.0,692.0,0.02387373
693.0,693.0,0.7612733
694.0,694.0,0.1084947
695.0,695.0,0.024725085
696.0,696.0,0.14765553
697.0,697.0,0.107825115
698.0,698.0,0.7373754
699.0,699.0,0.07771649
700.0,700.0,2.284488E-5
701.0,701.0,0.07795834
702.0,702.0,0.036105093
703.0,703.0,0.22652702
704.0,704.0,0.0512653
705.0,705.0,0.7331193
706.0,706.0,0.24504332
707.0,707.0,4.4719464E-4
708.0,708.0,1.0480265E-4
709.0,709.0,0.69699794
710.0,710.0,0.4154054
711.0,711.0,0.12077181
712.0,712.0,0.05645488
713.0,713.0,0.058353875
714.0,714.0,0.08741911
715.0,715.0,0.105672136
716.0,716.0,0.100568615
717.0,717.0,0.45815948
718.0,718.0,0.28688312
719.0,719.0,0.071949854
720.0,720.0,0.05315242
721.0,721.0,1.9786922E-4
722.0,722.0,0.7417151
723.0,723.0,1.2230063E-4
724.0,724.0,0.20214781
725.0,725.0,0.106301405
726.0,726.0,0.42090198
727.0,727.0,0.55957323
728.0,728.0,0.12352553
729.0,729.0,0.114386454
730.0,730.0,0.0019151001
731.0,731.0,0.07436532
732.0,732.0,8.089703E-4
733.0,733.0,0.030539962
734.0,734.0,0.43119818
735.0,735.0,0.7107569
736.0,736.0,0.07192139
737.0,737.0,2.5707184E-5
738.0,738.0,0.57570225
739.0,739.0,0.06843359
740.0,740.0,0.17423774
741.0,741.0,0.742097
742.0,742.0,0.1168422
743.0,743.0,0.034689102
744.0,744.0,0.10686632
745.0,745.0,0.002205123
746.0,746.0,0.05017242
747.0,747.0,0.06282555
748.0,748.0,0.2563326
749.0,749.0,0.079903655
750.0,750.0,0.06655755
751.0,751.0,0.30513465
752.0,752.0,0.0026033577
753.0,753.0,0.12464882
754.0,754.0,0.0017999492
755.0,755.0,0.14211075
756.0,756.0,0.34318265
757.0,757.0,0.14694864
758.0,758.0,0.23215021
759.0,759.0,0.05529454
760.0,760.0,0.07255273
761.0,761.0,0.30855986
762.0,762.0,0.40561825
763.0,763.0,0.1024501
764.0,764.0,6.888201E-4
765.0,765.0,0.10067975
766.0,766.0,0.19272658
767.0,767.0,0.04225897
768.0,768.0,0.6559067
769.0,769.0,0.17433703
770.0,770.0,0.6665153
771.0,771.0,0.7358787
772.0,772.0,0.14706525
773.0,773.0,0.070497155
774.0,774.0,0.09445624
775.0,775.0,0.09688452
776.0,776.0,0.45116302
777.0,777.0,0.08561984
778.0,778.0,0.5291208
779.0,779.0,0.087869175
780.0,780.0,0.0024926239
781.0,781.0,0.36649165
782.0,782.0,0.076848894
783.0,783.0,0.4084818
784.0,784.0,0.19739221
785.0,785.0,0.08489231
786.0,786.0,0.11559701
787.0,787.0,9.677927E-6
788.0,788.0,1.3299766E-5
789.0,789.0,0.09504601
790.0,790.0,0.048626713
791.0,791.0,0.09743392
792.0,792.0,0.054663543
793.0,793.0,0.0022829277
794.0,794.0,0.1286292
795.0,795.0,0.84383816
796.0,796.0,0.02453259
797.0,797.0,0.035629157
798.0,798.0,0.022814343
799.0,799.0,0.09977463
800.0,800.0,0.2224326
801.0,801.0,0.7321519
802.0,802.0,0.08772948
803.0,803.0,0.6950186
804.0,804.0,0.040303953
805.0,805.0,0.10740348
806.0,806.0,0.8162926
807.0,807.0,0.11717624
808.0,808.0,0.059413977
809.0,809.0,0.10757588
810.0,810.0,9.2744354E-5
811.0,811.0,0.22342616
812.0,812.0,0.12553546
813.0,813.0,0.071174756
814.0,814.0,0.05307263
815.0,815.0,0.15617652
816.0,816.0,0.0025048875
817.0,817.0,0.035519086
818.0,818.0,0.7697536
819.0,819.0,0.11292033
820.0,820.0,0.09931487
821.0,821.0,0.08422735
822.0,822.0,0.092004135
823.0,823.0,0.09452977
824.0,824.0,0.0057334
825.0,825.0,0.07810394
826.0,826.0,0.11014917
827.0,827.0,0.04667843
828.0,828.0,0.16364576
829.0,829.0,0.16200168
830.0,830.0,0.04537296
831.0,831.0,0.16685669
832.0,832.0,5.613181E-4
833.0,833.0,0.061879113
834.0,834.0,0.7906444
835.0,835.0,0.15554196
836.0,836.0,0.081623256
837.0,837.0,0.6843869
838.0,838.0,0.1325617
839.0,839.0,0.11847722
840.0,840.0,0.19804068
841.0,841.0,0.11237408
842.0,842.0,0.058001634
843.0,843.0,0.023743203
844.0,844.0,0.11067304
845.0,845.0,0.43874162
846.0,846.0,0.15102781
847.0,847.0,0.0747673
848.0,848.0,0.05092873
849.0,849.0,0.108824655
850.0,850.0,0.29901817
851.0,851.0,0.31648585
852.0,852.0,0.14097881
853.0,853.0,0.7533737
854.0,854.0,0.1261318
855.0,855.0,0.002711412
856.0,856.0,0.088076115
857.0,857.0,0.1951572
858.0,858.0,0.68136406
859.0,859.0,0.38019258
860.0,860.0,0.09980432
861.0,861.0,0.058532845
862.0,862.0,0.07525508
863.0,863.0,0.2582727
864.0,864.0,0.025956936
865.0,865.0,0.7667685
866.0,866.0,0.05211329
867.0,867.0,0.06360505
868.0,868.0,0.71818805
869.0,869.0,0.08200198
870.0,870.0,4.3164816E-4
871.0,871.0,0.11814684
872.0,872.0,0.15585487
873.0,873.0,0.028149853
874.0,874.0,0.76030916
875.0,875.0,0.19091237
876.0,876.0,0.5966999
877.0,877.0,0.039973438
878.0,878.0,0.5481979
879.0,879.0,0.57230747
880.0,880.0,0.7806998
881.0,881.0,0.115678035
882.0,882.0,0.09158285
883.0,883.0,0.0945165
884.0,884.0,0.06320359
885.0,885.0,0.56018955
886.0,886.0,5.279853E-4
887.0,887.0,0.13562837
888.0,888.0,0.05548947
889.0,889.0,0.11481371
890.0,890.0,0.095722035
891.0,891.0,0.06694844
892.0,892.0,0.06583532
893.0,893.0,0.10388928
894.0,894.0,0.07858582
895.0,895.0,0.07546619
896.0,896.0,3.4785096E-6
897.0,897.0,0.033627342
898.0,898.0,0.11019344
899.0,899.0,0.12035934
900.0,900.0,0.10922867
901.0,901.0,0.11327911
902.0,902.0,0.0797481
903.0,903.0,0.020601554
904.0,904.0,0.13325348
905.0,905.0,0.090248115
906.0,906.0,0.12242495
907.0,907.0,0.11394451
908.0,908.0,0.17550169
909.0,909.0,0.020897003
910.0,910.0,0.066817686
911.0,911.0,0.22529778
912.0,912.0,0.016450673
913.0,913.0,0.06993936
914.0,914.0,0.0099546695
915.0,915.0,0.44354737
916.0,916.0,0.058810424
917.0,917.0,0.059454143
918.0,918.0,0.00229924
919.0,919.0,0.0568331
920.0,920.0,3.9792572E-5
921.0,921.0,0.07366461
922.0,922.0,0.7159587
923.0,923.0,0.050123177
924.0,924.0,0.12574038
925.0,925.0,0.109916255
926.0,926.0,0.36273226
927.0,927.0,0.059479594
928.0,928.0,0.62826127
929.0,929.0,1.5068031E-4
930.0,930.0,0.67703277
931.0,931.0,0.11796716
932.0,932.0,5.365332E-4
933.0,933.0,0.038379755
934.0,934.0,6.75588E-4
935.0,935.0,0.122271486
936.0,936.0,0.0688359
937.0,937.0,0.08497327
938.0,938.0,0.060504522
939.0,939.0,0.46378994
940.0,940.0,0.5674267
941.0,941.0,0.2223891
942.0,942.0,0.15417382
943.0,943.0,0.24434449
944.0,944.0,0.07452325
945.0,945.0,0.058106557
946.0,946.0,0.42403463
947.0,947.0,0.63786876
948.0,948.0,0.04764692
949.0,949.0,0.10171403
950.0,950.0,0.14737077
951.0,951.0,0.05834588
952.0,952.0,0.6780271
953.0,953.0,6.925564E-5
954.0,954.0,0.6320321
955.0,955.0,0.016037516
956.0,956.0,0.001327279
957.0,957.0,3.1727577E-5
958.0,958.0,0.15319598
959.0,959.0,0.53740376
960.0,960.0,0.47716784
961.0,961.0,0.2679497
962.0,962.0,0.12965074
963.0,963.0,0.018044658
964.0,964.0,0.1710443
965.0,965.0,0.051938772
966.0,966.0,0.039275926
967.0,967.0,0.31637388
968.0,968.0,1.271967E-6
969.0,969.0,0.040024206
970.0,970.0,0.05661066
971.0,971.0,0.015081005
972.0,972.0,0.7893069
973.0,973.0,0.05692043
974.0,974.0,8.694406E-4
975.0,975.0,0.80162305
976.0,976.0,0.07867468
977.0,977.0,0.07310847
978.0,978.0,0.7307713
979.0,979.0,0.6411035
980.0,980.0,0.18364586
981.0,981.0,0.08775417
982.0,982.0,0.09532932
983.0,983.0,0.16462082
984.0,984.0,0.8497074
985.0,985.0,0.3867439
986.0,986.0,0.07743139
987.0,987.0,0.06543927
988.0,988.0,0.057159904
989.0,989.0,0.081701025
990.0,990.0,0.057819072
991.0,991.0,0.09261871
992.0,992.0,0.055745356
993.0,993.0,0.112985656
994.0,994.0,0.115668096
995.0,995.0,0.11752868
996.0,996.0,0.11582741
997.0,997.0,0.28682297
998.0,998.0,0.6349512
999.0,999.0,0.50850195
1000.0,1000.0,3.0888335E-5
1001.0,1001.0,0.12473675
1002.0,1002.0,0.057636537
1003.0,1003.0,0.092745766
1004.0,1004.0,0.073668845
1005.0,1005.0,0.1479899
1006.0,1006.0,0.83715576
1007.0,1007.0,0.19150172
1008.0,1008.0,0.11621366
1009.0,1009.0,0.058654208
1010.0,1010.0,0.46978772
1011.0,1011.0,0.09738426
1012.0,1012.0,0.06985177
1013.0,1013.0,0.013801152
1014.0,1014.0,0.36461836
1015.0,1015.0,0.12261168
1016.0,1016.0,0.2604055
1017.0,1017.0,0.12385739
1018.0,1018.0,0.31534976
1019.0,1019.0,5.626892E-4
1020.0,1020.0,0.19641575
1021.0,1021.0,0.04272116
1022.0,1022.0,0.222451
1023.0,1023.0,0.07206089
1024.0,1024.0,0.116260305
1025.0,1025.0,0.08518032
1026.0,1026.0,0.14498633
1027.0,1027.0,0.07982327
1028.0,1028.0,0.05267145
1029.0,1029.0,0.081570566
1030.0,1030.0,0.45241463
1031.0,1031.0,0.61729556
1032.0,1032.0,0.08320354
1033.0,1033.0,0.4084516
1034.0,1034.0,0.033988297
1035.0,1035.0,0.049116068
1036.0,1036.0,0.09682134
1037.0,1037.0,9.8313845E-5
1038.0,1038.0,0.07708482
1039.0,1039.0,0.013322198
1040.0,1040.0,0.028289333
1041.0,1041.0,0.7949925
1042.0,1042.0,0.045584723
1043.0,1043.0,0.04156575
1044.0,1044.0,0.10027224
1045.0,1045.0,3.4187764E-5
1046.0,1046.0,0.04749302
1047.0,1047.0,0.8055995
1048.0,1048.0,0.4078923
1049.0,1049.0,0.4004906
1050.0,1050.0,0.18229595
1051.0,1051.0,0.058372542
1052.0,1052.0,0.086461194
1053.0,1053.0,0.8289335
1054.0,1054.0,0.73613816
1055.0,1055.0,0.016409168
1056.0,1056.0,0.039515182
1057.0,1057.0,0.17971835
1058.0,1058.0,0.11642814
1059.0,1059.0,0.09302993
1060.0,1060.0,0.7272141
1061.0,1061.0,0.12431236
1062.0,1062.0,0.069051385
1063.0,1063.0,0.118026406
1064.0,1064.0,0.7155885
1065.0,1065.0,0.8243465
1066.0,1066.0,1.6676902E-5
1067.0,1067.0,3.447547E-4
1068.0,1068.0,0.8509385
1069.0,1069.0,0.6388293
1070.0,1070.0,0.6329501
1071.0,1071.0,0.52880657
1072.0,1072.0,0.82784736
1073.0,1073.0,5.387762E-4
1074.0,1074.0,0.02577558
1075.0,1075.0,0.17916639
1076.0,1076.0,0.33276224
1077.0,1077.0,0.73960966
1078.0,1078.0,0.30831066
1079.0,1079.0,0.6359397
1080.0,1080.0,0.017231056
1081.0,1081.0,0.07004923
1082.0,1082.0,0.42554682
1083.0,1083.0,0.0062721246
1084.0,1084.0,0.042776015
1085.0,1085.0,6.3287975E-5
1086.0,1086.0,0.15716724
1087.0,1087.0,0.014086397
1088.0,1088.0,0.028734662
1089.0,1089.0,1.1146333E-4
1090.0,1090.0,0.2046312
1091.0,1091.0,0.06780423
1092.0,1092.0,0.09865803
1093.0,1093.0,9.355571E-5
1094.0,1094.0,1.6750452E-6
1095.0,1095.0,0.728977
1096.0,1096.0,0.7610577
1097.0,1097.0,0.014725962
1098.0,1098.0,0.15544304
1099.0,1099.0,0.77755564
1100.0,1100.0,7.9288824E-5
1101.0,1101.0,0.09858232
1102.0,1102.0,0.023385495
1103.0,1103.0,0.05539876
1104.0,1104.0,3.2833308E-5
1105.0,1105.0,0.36248046
1106.0,1106.0,0.15084675
1107.0,1107.0,0.089165285
1108.0,1108.0,0.10479165
1109.0,1109.0,0.08215103
1110.0,1110.0,0.085325696
1111.0,1111.0,0.014768702
1112.0,1112.0,0.14286633
1113.0,1113.0,0.1631556
1114.0,1114.0,0.35407287
1115.0,1115.0,0.11805633
1116.0,1116.0,0.7479157
1117.0,1117.0,0.07749838
1118.0,1118.0,0.0049600047
1119.0,1119.0,0.073207274
1120.0,1120.0,0.08233956
1121.0,1121.0,0.0850255
1122.0,1122.0,0.83781886
1123.0,1123.0,0.18998636
1124.0,1124.0,0.433177
1125.0,1125.0,0.262867
1126.0,1126.0,0.18443274
1127.0,1127.0,0.6482361
1128.0,1128.0,0.65882534
1129.0,1129.0,0.47047535
1130.0,1130.0,0.45356146
1131.0,1131.0,0.29818103
1132.0,1132.0,0.08713584
1133.0,1133.0,0.3925733
1134.0,1134.0,0.1497341
1135.0,1135.0,0.69188994
1136.0,1136.0,0.267954
1137.0,1137.0,0.06703937
1138.0,1138.0,0.6839998
1139.0,1139.0,0.13228261
1140.0,1140.0,9.7159806E-5
1141.0,1141.0,0.12767094
1142.0,1142.0,0.6654205
1143.0,1143.0,0.73192847
1144.0,1144.0,0.023643894
1145.0,1145.0,0.8102188
1146.0,1146.0,0.067074366
1147.0,1147.0,0.4524845
1148.0,1148.0,0.7578613
1149.0,1149.0,0.0421718
1150.0,1150.0,0.005011918
1151.0,1151.0,0.14805304
1152.0,1152.0,0.75320446
1153.0,1153.0,0.08254237
1154.0,1154.0,0.10924754
1155.0,1155.0,0.09782153
1156.0,1156.0,2.331363E-5
1157.0,1157.0,0.034691956
1158.0,1158.0,0.7447595
1159.0,1159.0,0.13215484
1160.0,1160.0,0.79272264
1161.0,1161.0,0.11900694
1162.0,1162.0,0.09451927
1163.0,1163.0,0.19050653
1164.0,1164.0,0.03925573
1165.0,1165.0,0.0069723707
1166.0,1166.0,0.14026152
1167.0,1167.0,0.88390154
1168.0,1168.0,6.739045E-4
1169.0,1169.0,0.7703329
1170.0,1170.0,0.87345296
1171.0,1171.0,0.09462124
1172.0,1172.0,0.0058270544
1173.0,1173.0,0.037244
1174.0,1174.0,0.008925713
1175.0,1175.0,0.1843297
1176.0,1176.0,0.48396322
1177.0,1177.0,0.10218756
1178.0,1178.0,0.14925338
1179.0,1179.0,0.6849297
1180.0,1180.0,0.7904251
1181.0,1181.0,0.37221506
1182.0,1182.0,0.13010715
1183.0,1183.0,0.09286679
1184.0,1184.0,6.761495E-5
1185.0,1185.0,0.0764026
1186.0,1186.0,0.05021699
1187.0,1187.0,0.17238846
1188.0,1188.0,0.059559684
1189.0,1189.0,0.5436256
1190.0,1190.0,0.29318726
1191.0,1191.0,2.5365938E-5
1192.0,1192.0,0.19773358
1193.0,1193.0,0.38446313
1194.0,1194.0,0.09891208
1195.0,1195.0,0.35817027
1196.0,1196.0,9.0493035E-5
1197.0,1197.0,1.0035121E-4
1198.0,1198.0,0.10458906
1199.0,1199.0,0.048981704
1200.0,1200.0,0.05660079
1201.0,1201.0,0.0075458037
1202.0,1202.0,0.45379484
1203.0,1203.0,0.11082987
1204.0,1204.0,0.7401227
1205.0,1205.0,0.14276363
1206.0,1206.0,0.0012033747
1207.0,1207.0,0.44008404
1208.0,1208.0,0.08638801
1209.0,1209.0,0.091202125
1210.0,1210.0,0.79452056
1211.0,1211.0,0.4309997
1212.0,1212.0,0.071205296
1213.0,1213.0,0.0030106695
1214.0,1214.0,0.8493488
1215.0,1215.0,0.10233762
1216.0,1216.0,0.39911067
1217.0,1217.0,0.14270073
1218.0,1218.0,0.7957279
1219.0,1219.0,0.09693994
1220.0,1220.0,0.73902273
1221.0,1221.0,0.00433858
1222.0,1222.0,0.1889286
1223.0,1223.0,0.0018164163
1224.0,1224.0,0.72765654
1225.0,1225.0,0.102025956
1226.0,1226.0,0.097660355
1227.0,1227.0,0.07325395
1228.0,1228.0,0.024533048
1229.0,1229.0,0.14659345
1230.0,1230.0,0.06959948
1231.0,1231.0,0.7585768
1232.0,1232.0,0.09962389
1233.0,1233.0,0.27525356
1234.0,1234.0,0.083074346
1235.0,1235.0,0.17948432
1236.0,1236.0,0.033840258
1237.0,1237.0,0.64805347
1238.0,1238.0,0.24689904
1239.0,1239.0,0.18304291
1240.0,1240.0,0.05450424
1241.0,1241.0,0.07248868
1242.0,1242.0,0.047357023
1243.0,1243.0,0.11508758
1244.0,1244.0,0.26924947
1245.0,1245.0,0.01829371
1246.0,1246.0,0.18743157
1247.0,1247.0,0.0012306912
1248.0,1248.0,0.11482296
1249.0,1249.0,0.7956033
1250.0,1250.0,0.3563546
1251.0,1251.0,0.07345999
1252.0,1252.0,0.095475435
1253.0,1253.0,0.35105005
1254.0,1254.0,0.0040840977
1255.0,1255.0,0.78520113
1256.0,1256.0,0.6342235
1257.0,1257.0,0.049175516
1258.0,1258.0,0.08527515
1259.0,1259.0,1.2314235E-4
1260.0,1260.0,0.11672853
1261.0,1261.0,0.35303026
1262.0,1262.0,0.2176114
1263.0,1263.0,7.110219E-4
1264.0,1264.0,4.1763058E-5
1265.0,1265.0,0.6857711
1266.0,1266.0,0.050920848
1267.0,1267.0,0.64314324
1268.0,1268.0,0.010533437
1269.0,1269.0,0.18146072
1270.0,1270.0,0.035768457
1271.0,1271.0,0.040483404
1272.0,1272.0,0.1148182
1273.0,1273.0,0.11859282
1274.0,1274.0,0.22581477
1275.0,1275.0,0.2987614
1276.0,1276.0,0.07712461
1277.0,1277.0,0.71814775
1278.0,1278.0,0.0059650177
1279.0,1279.0,6.0152115E-6
1280.0,1280.0,0.18177639
1281.0,1281.0,0.09941256
1282.0,1282.0,1.3136359E-5
1283.0,1283.0,0.19496222
1284.0,1284.0,0.4234817
1285.0,1285.0,0.09444334
1286.0,1286.0,0.5910935
1287.0,1287.0,0.00841676
1288.0,1288.0,0.26509038
1289.0,1289.0,0.1967776
1290.0,1290.0,0.16565174
1291.0,1291.0,0.07759874
1292.0,1292.0,0.6778957
1293.0,1293.0,0.20472373
1294.0,1294.0,0.65159595
1295.0,1295.0,0.116744205
1296.0,1296.0,0.05902429
1297.0,1297.0,0.1656968
1298.0,1298.0,0.009888609
1299.0,1299.0,0.24578984
1300.0,1300.0,0.15738791
1301.0,1301.0,0.06790084
1302.0,1302.0,0.11909654
1303.0,1303.0,0.103536844
1304.0,1304.0,0.08461274
1305.0,1305.0,0.77113056
1306.0,1306.0,1.1822183E-5
1307.0,1307.0,0.31558308
1308.0,1308.0,0.05631475
1309.0,1309.0,0.0033164336
1310.0,1310.0,0.123154484
1311.0,1311.0,0.08276272
1312.0,1312.0,0.027615083
1313.0,1313.0,0.31860188
1314.0,1314.0,0.7817601
1315.0,1315.0,0.68353456
1316.0,1316.0,0.04585589
1317.0,1317.0,0.77644974
1318.0,1318.0,0.25914803
1319.0,1319.0,0.1352032
1320.0,1320.0,0.23914996
1321.0,1321.0,0.06731735
1322.0,1322.0,0.07026009
1323.0,1323.0,0.70547765
1324.0,1324.0,0.043671437
1325.0,1325.0,0.36366066
1326.0,1326.0,0.16481769
1327.0,1327.0,0.13052253
1328.0,1328.0,0.08928382
1329.0,1329.0,0.03825233
1330.0,1330.0,0.7103113
1331.0,1331.0,0.052348685
1332.0,1332.0,0.6222924
1333.0,1333.0,0.07118318
1334.0,1334.0,0.28682348
1335.0,1335.0,0.7292404
1336.0,1336.0,0.08590609
1337.0,1337.0,0.58894336
1338.0,1338.0,0.05932772
1339.0,1339.0,0.06368881
1340.0,1340.0,0.23596829
1341.0,1341.0,0.12182626
1342.0,1342.0,0.7578785
1343.0,1343.0,0.7391323
1344.0,1344.0,0.05061518
1345.0,1345.0,0.55094045
1346.0,1346.0,0.024334222
1347.0,1347.0,0.079174206
1348.0,1348.0,0.106348336
1349.0,1349.0,0.030426694
1350.0,1350.0,0.08029812
1351.0,1351.0,0.11412205
1352.0,1352.0,0.7400265
1353.0,1353.0,0.18006817
1354.0,1354.0,0.027078448
1355.0,1355.0,5.737841E-5
1356.0,1356.0,0.14374553
1357.0,1357.0,0.08923216
1358.0,1358.0,0.07648639
1359.0,1359.0,0.33409387
1360.0,1360.0,0.080622934
1361.0,1361.0,0.7665033
1362.0,1362.0,0.7511701
1363.0,1363.0,0.21978581
1364.0,1364.0,0.7660992
1365.0,1365.0,0.024117323
1366.0,1366.0,0.6950716
1367.0,1367.0,0.37297955
1368.0,1368.0,0.09173695
1369.0,1369.0,1.2774624E-4
1370.0,1370.0,0.045198053
1371.0,1371.0,0.26509103
1372.0,1372.0,0.31397313
1373.0,1373.0,0.062766306
1374.0,1374.0,0.2666634
1375.0,1375.0,0.011746411
1376.0,1376.0,0.058264434
1377.0,1377.0,0.100286
1378.0,1378.0,0.08992778
1379.0,1379.0,0.19212604
1380.0,1380.0,0.18589298
1381.0,1381.0,0.029352674
1382.0,1382.0,0.10883264
1383.0,1383.0,0.08848574
1384.0,1384.0,0.1978433
1385.0,1385.0,0.014185723
1386.0,1386.0,0.072057255
1387.0,1387.0,0.04573154
1388.0,1388.0,0.19175778
1389.0,1389.0,0.056197017
1390.0,1390.0,0.12888443
1391.0,1391.0,0.301814
1392.0,1392.0,0.25531405
1393.0,1393.0,0.35388207
1394.0,1394.0,0.02510083
1395.0,1395.0,0.114511356
1396.0,1396.0,5.088012E-4
1397.0,1397.0,0.081894286
1398.0,1398.0,0.15637788
1399.0,1399.0,0.067345016
1400.0,1400.0,0.14180015
1401.0,1401.0,0.24674514
1402.0,1402.0,0.780067
1403.0,1403.0,0.13791466
1404.0,1404.0,0.35832924
1405.0,1405.0,0.06009874
1406.0,1406.0,0.05887898
1407.0,1407.0,0.07231919
1408.0,1408.0,0.17734888
1409.0,1409.0,0.8353272
1410.0,1410.0,0.3789739
1411.0,1411.0,0.75824016
1412.0,1412.0,0.1995934
1413.0,1413.0,0.026966823
1414.0,1414.0,0.08960133
1415.0,1415.0,0.06044721
1416.0,1416.0,0.21631259
1417.0,1417.0,0.10368106
1418.0,1418.0,6.236431E-6
1419.0,1419.0,0.07433273
1420.0,1420.0,0.2743716
1421.0,1421.0,9.064298E-5
1422.0,1422.0,0.7356893
1423.0,1423.0,0.09160383
1424.0,1424.0,0.5785902
1425.0,1425.0,0.7595994
1426.0,1426.0,0.74563307
1427.0,1427.0,0.0021272888
1428.0,1428.0,0.3255054
1429.0,1429.0,0.7445175
1430.0,1430.0,0.18374482
1431.0,1431.0,4.1467635E-4
1432.0,1432.0,0.026838562
1433.0,1433.0,0.24695526
1434.0,1434.0,0.079947524
1435.0,1435.0,0.19475533
1436.0,1436.0,0.7829081
1437.0,1437.0,0.06253963
1438.0,1438.0,0.030974122
1439.0,1439.0,0.10799387
1440.0,1440.0,0.17459755
1441.0,1441.0,2.7062232E-4
1442.0,1442.0,0.7196455
1443.0,1443.0,3.0157782E-4
1444.0,1444.0,0.074384145
1445.0,1445.0,0.21313664
1446.0,1446.0,0.046395436
1447.0,1447.0,0.2193947
1448.0,1448.0,0.25283775
1449.0,1449.0,0.011620461
1450.0,1450.0,0.72001266
1451.0,1451.0,0.039242525
1452.0,1452.0,0.667033
1453.0,1453.0,0.28563118
1454.0,1454.0,0.0854102
1455.0,1455.0,0.08263501
1456.0,1456.0,0.7608181
1457.0,1457.0,0.0056666
1458.0,1458.0,0.69781834
1459.0,1459.0,0.39427087
1460.0,1460.0,0.25903648
1461.0,1461.0,0.0023099259
1462.0,1462.0,0.03541025
1463.0,1463.0,0.003746157
1464.0,1464.0,0.28821844
1465.0,1465.0,0.12000367
1466.0,1466.0,0.74841416
1467.0,1467.0,0.22474876
1468.0,1468.0,0.11879078
1469.0,1469.0,0.076637566
1470.0,1470.0,0.6794794
1471.0,1471.0,0.72947425
1472.0,1472.0,0.08254737
1473.0,1473.0,0.07843295
1474.0,1474.0,0.060738314
1475.0,1475.0,0.02314547
1476.0,1476.0,0.029135805
1477.0,1477.0,0.119975746
1478.0,1478.0,0.43703166
1479.0,1479.0,0.604653
1480.0,1480.0,0.15723008
1481.0,1481.0,0.04134288
1482.0,1482.0,0.8160026
1483.0,1483.0,0.106111825
1484.0,1484.0,0.07811084
1485.0,1485.0,2.6503322E-4
1486.0,1486.0,0.23541167
1487.0,1487.0,0.05803827
1488.0,1488.0,0.0016420538
1489.0,1489.0,2.3340512E-5
1490.0,1490.0,0.77907264
1491.0,1491.0,0.251065
1492.0,1492.0,0.7875208
1493.0,1493.0,0.082343645
1494.0,1494.0,0.08656522
1495.0,1495.0,0.1205494
1496.0,1496.0,5.599171E-6
1497.0,1497.0,0.07461186
1498.0,1498.0,0.076414905
1499.0,1499.0,0.15115277
1500.0,1500.0,0.049506623
1501.0,1501.0,0.06736972
1502.0,1502.0,0.005554159
1503.0,1503.0,0.032290664
1504.0,1504.0,0.1376032
1505.0,1505.0,0.015372704
1506.0,1506.0,0.07750927
1507.0,1507.0,0.08369866
1508.0,1508.0,0.05758081
1509.0,1509.0,0.09651082
1510.0,1510.0,0.68996745
1511.0,1511.0,1.3353268E-5
1512.0,1512.0,0.17030153
1513.0,1513.0,0.10096786
1514.0,1514.0,0.334322
1515.0,1515.0,6.534712E-7
1516.0,1516.0,0.20437725
1517.0,1517.0,0.048250288
1518.0,1518.0,0.0061490894
1519.0,1519.0,0.6730448
1520.0,1520.0,0.030362517
1521.0,1521.0,5.5647715E-6
1522.0,1522.0,0.12625943
1523.0,1523.0,0.075452134
1524.0,1524.0,0.06101012
1525.0,1525.0,0.0461617
1526.0,1526.0,0.001935697
1527.0,1527.0,0.34580046
1528.0,1528.0,0.79196465
1529.0,1529.0,0.06343448
1530.0,1530.0,0.017400093
1531.0,1531.0,0.3139704
1532.0,1532.0,0.04445971
1533.0,1533.0,0.26219404
1534.0,1534.0,0.028089946
1535.0,1535.0,0.26530012
1536.0,1536.0,0.094490334
1537.0,1537.0,0.0073196287
1538.0,1538.0,0.33932558
1539.0,1539.0,1.6158401E-5
1540.0,1540.0,0.030989807
1541.0,1541.0,0.03378561
1542.0,1542.0,0.040733155
1543.0,1543.0,0.82756126
1544.0,1544.0,0.082749225
1545.0,1545.0,1.5293124E-5
1546.0,1546.0,0.24312755
1547.0,1547.0,0.2735868
1548.0,1548.0,0.51036334
1549.0,1549.0,0.7491684
1550.0,1550.0,0.22724672
1551.0,1551.0,0.06657541
1552.0,1552.0,0.12154436
1553.0,1553.0,0.08731695
1554.0,1554.0,0.510348
1555.0,1555.0,0.013732212
1556.0,1556.0,0.70053965
1557.0,1557.0,0.7585541
1558.0,1558.0,0.06493702
1559.0,1559.0,0.11599543
1560.0,1560.0,0.2148249
1561.0,1561.0,0.011054522
1562.0,1562.0,0.2519701
1563.0,1563.0,0.0032653217
1564.0,1564.0,0.83430815
1565.0,1565.0,0.11238369
1566.0,1566.0,0.012861662
1567.0,1567.0,0.2898524
1568.0,1568.0,0.050189093
1569.0,1569.0,0.75644994
1570.0,1570.0,0.7648899
1571.0,1571.0,0.0031070302
1572.0,1572.0,0.36880046
1573.0,1573.0,0.0018356883
1574.0,1574.0,0.5788857
1575.0,1575.0,0.8283507
1576.0,1576.0,0.16636527
1577.0,1577.0,0.17197995
1578.0,1578.0,0.06134159
1579.0,1579.0,0.12770648
1580.0,1580.0,7.721854E-4
1581.0,1581.0,0.034906562
1582.0,1582.0,0.073657915
1583.0,1583.0,1.2096941E-4
1584.0,1584.0,0.08018828
1585.0,1585.0,0.64519185
1586.0,1586.0,0.07856498
1587.0,1587.0,0.7383833
1588.0,1588.0,0.705194
1589.0,1589.0,0.10860971
1590.0,1590.0,0.11057774
1591.0,1591.0,0.11807454
1592.0,1592.0,0.65525687
1593.0,1593.0,0.39615342
1594.0,1594.0,0.068124495
1595.0,1595.0,2.4148623E-5
1596.0,1596.0,0.025547823
1597.0,1597.0,0.26665646
1598.0,1598.0,0.009741295
1599.0,1599.0,0.049186997
1600.0,1600.0,0.15347363
1601.0,1601.0,0.17799917
1602.0,1602.0,0.0623996
1603.0,1603.0,0.06332862
1604.0,1604.0,0.021413013
1605.0,1605.0,0.4214713
1606.0,1606.0,0.13352554
1607.0,1607.0,0.762281
1608.0,1608.0,0.09134753
1609.0,1609.0,0.06470481
1610.0,1610.0,0.10538891
1611.0,1611.0,0.048993576
1612.0,1612.0,0.089713484
1613.0,1613.0,0.08084699
1614.0,1614.0,0.66432226
1615.0,1615.0,0.08607243
1616.0,1616.0,0.7651542
1617.0,1617.0,0.40910774
1618.0,1618.0,0.0066150017
1619.0,1619.0,0.03882932
1620.0,1620.0,0.31756154
1621.0,1621.0,0.21797441
1622.0,1622.0,0.24473041
1623.0,1623.0,0.4861035
1624.0,1624.0,0.33712217
1625.0,1625.0,0.6357029
1626.0,1626.0,0.75703794
1627.0,1627.0,0.12441058
1628.0,1628.0,0.08340341
1629.0,1629.0,0.27731416
1630.0,1630.0,0.14109537
1631.0,1631.0,0.1870772
1632.0,1632.0,0.16711676
1633.0,1633.0,0.5128676
1634.0,1634.0,5.4568627E-5
1635.0,1635.0,0.26912448
1636.0,1636.0,0.054241758
1637.0,1637.0,0.1732679
1638.0,1638.0,0.15939233
1639.0,1639.0,0.8490956
1640.0,1640.0,0.011733901
1641.0,1641.0,0.25074533
1642.0,1642.0,0.067271344
1643.0,1643.0,0.09034724
1644.0,1644.0,0.011226524
1645.0,1645.0,0.18464595
1646.0,1646.0,0.84936225
1647.0,1647.0,0.11455918
1648.0,1648.0,0.11845681
1649.0,1649.0,0.837512
1650.0,1650.0,0.07749266
1651.0,1651.0,0.79954875
1652.0,1652.0,0.008837001
1653.0,1653.0,0.6647494
1654.0,1654.0,0.3225804
1655.0,1655.0,0.04897055
1656.0,1656.0,0.031325657
1657.0,1657.0,1.6652435E-5
1658.0,1658.0,0.058519624
1659.0,1659.0,0.7062669
1660.0,1660.0,0.10754551
1661.0,1661.0,0.0053352057
1662.0,1662.0,0.72026825
1663.0,1663.0,0.09677739
1664.0,1664.0,0.14791228
1665.0,1665.0,0.12576087
1666.0,1666.0,0.050474618
1667.0,1667.0,0.119962156
1668.0,1668.0,0.8843837
1669.0,1669.0,1.850958E-4
1670.0,1670.0,0.11118958
1671.0,1671.0,6.3054584E-4
1672.0,1672.0,0.67640036
1673.0,1673.0,0.73370665
1674.0,1674.0,0.05447546
1675.0,1675.0,0.29063818
1676.0,1676.0,0.058564022
1677.0,1677.0,0.043646522
1678.0,1678.0,0.050790362
1679.0,1679.0,0.07051809
1680.0,1680.0,0.81515616
1681.0,1681.0,0.49964967
1682.0,1682.0,0.79746515
1683.0,1683.0,0.020794837
1684.0,1684.0,0.10128761
1685.0,1685.0,0.71563655
1686.0,1686.0,6.163765E-5
1687.0,1687.0,0.090481035
1688.0,1688.0,0.07157833
1689.0,1689.0,0.21564995
1690.0,1690.0,0.02691283
1691.0,1691.0,0.12806027
1692.0,1692.0,0.276325
1693.0,1693.0,0.06498533
1694.0,1694.0,0.05608619
1695.0,1695.0,0.70717937
1696.0,1696.0,0.25344557
1697.0,1697.0,7.4601216E-5
1698.0,1698.0,0.08669343
1699.0,1699.0,0.0025245398
1700.0,1700.0,0.029192012
1701.0,1701.0,0.8429285
1702.0,1702.0,0.050260633
1703.0,1703.0,0.12280855
1704.0,1704.0,0.10286814
1705.0,1705.0,0.056362294
1706.0,1706.0,0.052317332
1707.0,1707.0,0.2708516
1708.0,1708.0,0.7538263
1709.0,1709.0,0.79152673
1710.0,1710.0,0.64903075
1711.0,1711.0,0.12559721
1712.0,1712.0,0.78222936
1713.0,1713.0,0.7320156
1714.0,1714.0,0.050271183
1715.0,1715.0,0.031999677
1716.0,1716.0,0.63546723
1717.0,1717.0,0.057654966
1718.0,1718.0,0.11319321
1719.0,1719.0,0.093841754
1720.0,1720.0,0.08844986
1721.0,1721.0,0.29185918
1722.0,1722.0,0.30140442
1723.0,1723.0,0.12437655
1724.0,1724.0,0.7454538
1725.0,1725.0,0.055980112
1726.0,1726.0,0.07824399
1727.0,1727.0,0.025641091
1728.0,1728.0,0.06461535
1729.0,1729.0,0.7744398
1730.0,1730.0,0.13517
1731.0,1731.0,0.1877459
1732.0,1732.0,4.7965033E-5
1733.0,1733.0,0.03844274
1734.0,1734.0,0.5004984
1735.0,1735.0,0.17524594
1736.0,1736.0,0.70314187
1737.0,1737.0,0.39312404
1738.0,1738.0,0.03562377
1739.0,1739.0,0.07564582
1740.0,1740.0,0.35090408
1741.0,1741.0,0.11280394
1742.0,1742.0,0.07500547
1743.0,1743.0,3.6920977E-5
1744.0,1744.0,0.083733626
1745.0,1745.0,0.005228025
1746.0,1746.0,0.07970546
1747.0,1747.0,0.6700226
1748.0,1748.0,0.1444293
1749.0,1749.0,2.1940922E-4
1750.0,1750.0,0.3896327
1751.0,1751.0,0.023079975
1752.0,1752.0,1.3933644E-4
1753.0,1753.0,0.065715976
1754.0,1754.0,0.15783226
1755.0,1755.0,0.05582518
1756.0,1756.0,0.21679756
1757.0,1757.0,0.35533282
1758.0,1758.0,0.08308629
1759.0,1759.0,0.31792775
1760.0,1760.0,0.22951622
1761.0,1761.0,0.06893879
1762.0,1762.0,0.22345868
1763.0,1763.0,0.02542746
1764.0,1764.0,0.1978033
1765.0,1765.0,0.071284205
1766.0,1766.0,0.01811625
1767.0,1767.0,0.13246578
1768.0,1768.0,0.101648726
1769.0,1769.0,0.35027343
1770.0,1770.0,0.03817859
1771.0,1771.0,0.23814824
1772.0,1772.0,0.029466588
1773.0,1773.0,0.12668383
1774.0,1774.0,0.6715819
1775.0,1775.0,4.761755E-4
1776.0,1776.0,0.05798018
1777.0,1777.0,0.78333867
1778.0,1778.0,4.3028762E-5
1779.0,1779.0,0.085645616
1780.0,1780.0,0.3677087
1781.0,1781.0,0.02699107
1782.0,1782.0,0.7426426
1783.0,1783.0,0.56440794
1784.0,1784.0,0.088332616
1785.0,1785.0,0.6785711
1786.0,1786.0,0.12690574
1787.0,1787.0,0.055480734
1788.0,1788.0,4.268755E-6
1789.0,1789.0,0.5671061
1790.0,1790.0,0.02568109
1791.0,1791.0,0.06123445
1792.0,1792.0,0.72944444
1793.0,1793.0,0.605115
1794.0,1794.0,0.08723457
1795.0,1795.0,0.12932897
1796.0,1796.0,0.040890504
1797.0,1797.0,0.19135168
1798.0,1798.0,0.11980607
1799.0,1799.0,0.4268906
1800.0,1800.0,0.0817637
1801.0,1801.0,0.14234027
1802.0,1802.0,0.7788518
1803.0,1803.0,0.015496286
1804.0,1804.0,0.068240784
1805.0,1805.0,0.110042214
1806.0,1806.0,0.05241473
1807.0,1807.0,0.072227135
1808.0,1808.0,0.105194144
1809.0,1809.0,0.45436084
1810.0,1810.0,0.34486455
1811.0,1811.0,1.5535452E-6
1812.0,1812.0,0.24348019
1813.0,1813.0,0.060456708
1814.0,1814.0,0.07433491
1815.0,1815.0,0.18356465
1816.0,1816.0,0.056001756
1817.0,1817.0,0.72991496
1818.0,1818.0,0.15385526
1819.0,1819.0,0.0563739
1820.0,1820.0,0.4120954
1821.0,1821.0,8.6418755E-4
1822.0,1822.0,0.064315945
1823.0,1823.0,0.8185922
1824.0,1824.0,0.025931664
1825.0,1825.0,0.18346842
1826.0,1826.0,0.19541168
1827.0,1827.0,0.037195932
1828.0,1828.0,0.049574863
1829.0,1829.0,0.67151976
1830.0,1830.0,0.0949112
1831.0,1831.0,0.19156475
1832.0,1832.0,0.060565855
1833.0,1833.0,0.027179347
1834.0,1834.0,0.077542044
1835.0,1835.0,0.0607973
1836.0,1836.0,0.706958
1837.0,1837.0,0.17624931
1838.0,1838.0,0.031226546
1839.0,1839.0,0.15189822
1840.0,1840.0,0.54668313
1841.0,1841.0,0.13232318
1842.0,1842.0,2.8246772E-4
1843.0,1843.0,0.021089613
1844.0,1844.0,4.7985942E-4
1845.0,1845.0,0.7019092
1846.0,1846.0,0.32493505
1847.0,1847.0,2.9750267E-5
1848.0,1848.0,0.015476017
1849.0,1849.0,0.08401944
1850.0,1850.0,7.4222844E-5
1851.0,1851.0,0.08005512
1852.0,1852.0,0.73001623
1853.0,1853.0,4.797491E-4
1854.0,1854.0,0.41522837
1855.0,1855.0,0.79755485
1856.0,1856.0,0.11870241
1857.0,1857.0,0.0023424707
1858.0,1858.0,0.0028710137
1859.0,1859.0,0.65380454
1860.0,1860.0,0.1401244
1861.0,1861.0,0.11671142
1862.0,1862.0,0.06964624
1863.0,1863.0,0.7514861
1864.0,1864.0,0.15142408
1865.0,1865.0,0.10314039
1866.0,1866.0,0.122151576
1867.0,1867.0,2.6311065E-4
1868.0,1868.0,3.2627513E-4
1869.0,1869.0,2.2631826E-5
1870.0,1870.0,0.21984252
1871.0,1871.0,0.24221987
1872.0,1872.0,0.209348
1873.0,1873.0,0.24928622
1874.0,1874.0,0.075386055
1875.0,1875.0,0.109129116
1876.0,1876.0,0.7369499
1877.0,1877.0,0.7668296
1878.0,1878.0,0.06442694
1879.0,1879.0,0.6960111
1880.0,1880.0,0.23490562
1881.0,1881.0,0.080067255
1882.0,1882.0,0.09541306
1883.0,1883.0,0.09171924
1884.0,1884.0,0.16802292
1885.0,1885.0,0.05910954
1886.0,1886.0,0.08312543
1887.0,1887.0,0.08579653
1888.0,1888.0,0.6643109
1889.0,1889.0,0.7526597
1890.0,1890.0,0.0064250217
1891.0,1891.0,0.008590521
1892.0,1892.0,0.83493733
1893.0,1893.0,0.13786063
1894.0,1894.0,0.21204023
1895.0,1895.0,0.70745885
1896.0,1896.0,0.15621367
1897.0,1897.0,0.5682632
1898.0,1898.0,0.26772076
1899.0,1899.0,0.06963275
1900.0,1900.0,0.07771593
1901.0,1901.0,0.7233381
1902.0,1902.0,0.739173
1903.0,1903.0,9.154382E-5
1904.0,1904.0,0.07569838
1905.0,1905.0,9.58921E-5
1906.0,1906.0,0.16279556
1907.0,1907.0,0.12264111
1908.0,1908.0,0.75224686
1909.0,1909.0,0.14350986
1910.0,1910.0,0.88311815
1911.0,1911.0,0.017004425
1912.0,1912.0,0.08969131
1913.0,1913.0,0.21288815
1914.0,1914.0,0.79792774
1915.0,1915.0,0.8250073
1916.0,1916.0,0.5744443
1917.0,1917.0,0.03326294
1918.0,1918.0,0.8176076
1919.0,1919.0,1.037422E-4
1920.0,1920.0,0.3260455
1921.0,1921.0,0.79636943
1922.0,1922.0,0.25537685
1923.0,1923.0,0.78526306
1924.0,1924.0,0.051866855
1925.0,1925.0,3.236114E-4
1926.0,1926.0,0.18909156
1927.0,1927.0,0.11858866
1928.0,1928.0,0.731036
1929.0,1929.0,0.08203404
1930.0,1930.0,0.06035232
1931.0,1931.0,0.6689581
1932.0,1932.0,0.012503589
1933.0,1933.0,0.0012787654
1934.0,1934.0,0.71290547
1935.0,1935.0,0.68740624
1936.0,1936.0,0.09333163
1937.0,1937.0,0.02685839
1938.0,1938.0,0.020397356
1939.0,1939.0,0.42030224
1940.0,1940.0,0.23261324
1941.0,1941.0,0.77857643
1942.0,1942.0,0.13302588
1943.0,1943.0,0.8128728
1944.0,1944.0,7.4006246E-5
1945.0,1945.0,0.13671824
1946.0,1946.0,0.33035895
1947.0,1947.0,0.053000607
1948.0,1948.0,0.44846475
1949.0,1949.0,0.83970547
1950.0,1950.0,0.10327119
1951.0,1951.0,0.80006987
1952.0,1952.0,0.19494767
1953.0,1953.0,0.20116203
1954.0,1954.0,3.9567557E-4
1955.0,1955.0,0.13148013
1956.0,1956.0,0.5173243
1957.0,1957.0,0.89819837
1958.0,1958.0,0.045962527
1959.0,1959.0,0.04305584
1960.0,1960.0,0.5989518
1961.0,1961.0,8.255458E-5
1962.0,1962.0,0.08194029
1963.0,1963.0,0.82005364
1964.0,1964.0,0.20322163
1965.0,1965.0,0.045867402
1966.0,1966.0,2.4719202E-4
1967.0,1967.0,0.0724748
1968.0,1968.0,0.24712557
1969.0,1969.0,0.07856669
1970.0,1970.0,0.06484755
1971.0,1971.0,0.3294566
1972.0,1972.0,0.015468232
1973.0,1973.0,0.19082534
1974.0,1974.0,0.8085515
1975.0,1975.0,0.06555235
1976.0,1976.0,0.7863538
1977.0,1977.0,0.08848555
1978.0,1978.0,0.00555628
1979.0,1979.0,0.014654089
1980.0,1980.0,0.048827026
1981.0,1981.0,0.048695255
1982.0,1982.0,0.08215579
1983.0,1983.0,0.08423706
1984.0,1984.0,0.35348648
1985.0,1985.0,0.0011029035
1986.0,1986.0,0.59258187
1987.0,1987.0,0.04913656
1988.0,1988.0,3.5569123E-5
1989.0,1989.0,0.088013284
1990.0,1990.0,0.3685361
1991.0,1991.0,0.064419046
1992.0,1992.0,5.0414837E-4
1993.0,1993.0,0.6037091
1994.0,1994.0,0.03312623
1995.0,1995.0,0.108744405
1996.0,1996.0,7.565086E-4
1997.0,1997.0,0.015171065
1998.0,1998.0,0.3120792
1999.0,1999.0,0.07470879
2000.0,2000.0,0.7712462
2001.0,2001.0,0.12743942
2002.0,2002.0,0.009572837
2003.0,2003.0,8.5424384E-5
2004.0,2004.0,0.7595454
2005.0,2005.0,0.36323515
2006.0,2006.0,0.08440107
2007.0,2007.0,0.03808276
2008.0,2008.0,0.08049928
2009.0,2009.0,0.07805221
2010.0,2010.0,0.3920874
2011.0,2011.0,0.01904466
2012.0,2012.0,0.8261272
2013.0,2013.0,0.002115157
2014.0,2014.0,0.04213431
2015.0,2015.0,0.41701558
2016.0,2016.0,0.0769185
2017.0,2017.0,0.0023609486
2018.0,2018.0,0.16524391
2019.0,2019.0,0.005924659
2020.0,2020.0,8.351394E-4
2021.0,2021.0,0.041651357
2022.0,2022.0,2.6586826E-4
2023.0,2023.0,0.08457748
2024.0,2024.0,2.4829656E-5
2025.0,2025.0,0.120934464
2026.0,2026.0,0.06697613
2027.0,2027.0,0.6543621
2028.0,2028.0,0.86803395
2029.0,2029.0,0.012397986
2030.0,2030.0,0.06717872
2031.0,2031.0,0.058141563
2032.0,2032.0,0.5655942
2033.0,2033.0,3.820593E-4
2034.0,2034.0,0.79121697
2035.0,2035.0,0.10871472
2036.0,2036.0,0.24437988
2037.0,2037.0,0.012028637
2038.0,2038.0,9.575089E-6
2039.0,2039.0,0.80895114
2040.0,2040.0,0.08151957
2041.0,2041.0,0.76843905
2042.0,2042.0,0.054623652
2043.0,2043.0,0.08144923
2044.0,2044.0,0.100565664
2045.0,2045.0,0.053729646
2046.0,2046.0,0.035920437
2047.0,2047.0,0.06584765
2048.0,2048.0,0.055669907
2049.0,2049.0,0.035459097
2050.0,2050.0,0.03947236
2051.0,2051.0,0.7669359
2052.0,2052.0,0.04838559
2053.0,2053.0,0.16323072
2054.0,2054.0,0.045186292
2055.0,2055.0,0.18423925
2056.0,2056.0,0.077089496
2057.0,2057.0,0.79688215
2058.0,2058.0,0.103226684
2059.0,2059.0,0.071022816
2060.0,2060.0,0.055332065
2061.0,2061.0,0.0013328807
2062.0,2062.0,0.13332188
2063.0,2063.0,3.592364E-4
2064.0,2064.0,0.09569752
2065.0,2065.0,0.7822159
2066.0,2066.0,0.70219153
2067.0,2067.0,0.7574917
2068.0,2068.0,0.3124507
2069.0,2069.0,0.31311816
2070.0,2070.0,0.15926555
2071.0,2071.0,0.047732018
2072.0,2072.0,0.01722375
2073.0,2073.0,0.82527226
2074.0,2074.0,0.07201016
2075.0,2075.0,0.08221768
2076.0,2076.0,0.79402065
2077.0,2077.0,3.230378E-5
2078.0,2078.0,0.003974365
2079.0,2079.0,0.31068906
2080.0,2080.0,0.06982932
2081.0,2081.0,0.4814276
2082.0,2082.0,0.7498757
2083.0,2083.0,0.30169666
2084.0,2084.0,0.18469764
2085.0,2085.0,0.40252948
2086.0,2086.0,0.017650042
2087.0,2087.0,0.12187299
2088.0,2088.0,0.09824234
2089.0,2089.0,0.10063548
2090.0,2090.0,4.4269636E-5
2091.0,2091.0,0.14966874
2092.0,2092.0,0.50727546
2093.0,2093.0,0.039043408
2094.0,2094.0,0.12762116
2095.0,2095.0,0.07497791
2096.0,2096.0,0.057651605
2097.0,2097.0,0.078727946
2098.0,2098.0,0.0041587716
2099.0,2099.0,0.11957525
2100.0,2100.0,0.13477947
2101.0,2101.0,0.00832866
2102.0,2102.0,0.18573824
2103.0,2103.0,0.58569163
2104.0,2104.0,0.21865837
2105.0,2105.0,0.1177538
2106.0,2106.0,0.042877175
2107.0,2107.0,0.087407194
2108.0,2108.0,0.16271873
2109.0,2109.0,0.08397362
2110.0,2110.0,0.16843414
2111.0,2111.0,0.057375297
2112.0,2112.0,0.70675147
2113.0,2113.0,0.069777146
2114.0,2114.0,0.06576608
2115.0,2115.0,0.14960228
2116.0,2116.0,0.03245551
2117.0,2117.0,0.13517435
2118.0,2118.0,0.7668299
2119.0,2119.0,0.011369452
2120.0,2120.0,0.10625484
2121.0,2121.0,0.6694082
2122.0,2122.0,0.04826193
2123.0,2123.0,0.68252444
2124.0,2124.0,0.7932269
2125.0,2125.0,0.014339383
2126.0,2126.0,0.32484338
2127.0,2127.0,0.11488763
2128.0,2128.0,0.36219314
2129.0,2129.0,0.6498253
2130.0,2130.0,0.008271062
2131.0,2131.0,0.7220234
2132.0,2132.0,0.007182422
2133.0,2133.0,0.40451416
2134.0,2134.0,0.5598437
2135.0,2135.0,0.06356397
2136.0,2136.0,0.035248064
2137.0,2137.0,0.006127989
2138.0,2138.0,0.40303817
2139.0,2139.0,0.83978266
2140.0,2140.0,0.06605751
2141.0,2141.0,0.059226327
2142.0,2142.0,0.60686713
2143.0,2143.0,0.3659175
2144.0,2144.0,0.10340516
2145.0,2145.0,1.09439345E-4
2146.0,2146.0,0.7356018
2147.0,2147.0,0.047380634
2148.0,2148.0,6.2802195E-4
2149.0,2149.0,0.064387254
2150.0,2150.0,0.049186185
2151.0,2151.0,0.14746504
2152.0,2152.0,0.027989432
2153.0,2153.0,0.08109011
2154.0,2154.0,0.16218463
2155.0,2155.0,0.076947324
2156.0,2156.0,0.07913687
2157.0,2157.0,0.06264981
2158.0,2158.0,0.052890513
2159.0,2159.0,0.12114174
2160.0,2160.0,0.22299372
2161.0,2161.0,0.09087815
2162.0,2162.0,0.0016628848
2163.0,2163.0,0.054530002
2164.0,2164.0,0.1652717
2165.0,2165.0,0.65522987
2166.0,2166.0,4.9423974E-4
2167.0,2167.0,0.68988353
2168.0,2168.0,0.0017320296
2169.0,2169.0,0.6745472
2170.0,2170.0,0.018867122
2171.0,2171.0,0.15609287
2172.0,2172.0,0.058490623
2173.0,2173.0,0.05506421
2174.0,2174.0,0.17650394
2175.0,2175.0,0.719069
2176.0,2176.0,0.14584093
2177.0,2177.0,0.08760589
2178.0,2178.0,0.14825575
2179.0,2179.0,0.0984221
2180.0,2180.0,0.085081965
2181.0,2181.0,0.001807964
2182.0,2182.0,0.046917558
2183.0,2183.0,0.12271507
2184.0,2184.0,0.041094024
2185.0,2185.0,0.57991225
2186.0,2186.0,0.5763575
2187.0,2187.0,0.17707023
2188.0,2188.0,0.019350892
2189.0,2189.0,0.0445377
2190.0,2190.0,0.107706025
2191.0,2191.0,0.0909154
2192.0,2192.0,0.22185364
2193.0,2193.0,0.023596575
2194.0,2194.0,0.25596157
2195.0,2195.0,0.6889836
2196.0,2196.0,0.7577963
2197.0,2197.0,0.04817936
2198.0,2198.0,0.13888392
2199.0,2199.0,0.045937873
2200.0,2200.0,0.22962977
2201.0,2201.0,0.07541302
2202.0,2202.0,0.08211062
2203.0,2203.0,0.73849297
2204.0,2204.0,0.8229723
2205.0,2205.0,0.024744147
2206.0,2206.0,9.5416864E-5
2207.0,2207.0,0.0015333364
2208.0,2208.0,0.36739528
2209.0,2209.0,2.6853362E-4
2210.0,2210.0,0.049304087
2211.0,2211.0,0.16795877
2212.0,2212.0,0.06811361
2213.0,2213.0,0.14489427
2214.0,2214.0,0.32722154
2215.0,2215.0,0.22891963
2216.0,2216.0,0.13353372
2217.0,2217.0,0.111510284
2218.0,2218.0,0.07921166
2219.0,2219.0,0.060938004
2220.0,2220.0,0.0012809491
2221.0,2221.0,0.25478187
2222.0,2222.0,0.08225236
2223.0,2223.0,0.09397312
2224.0,2224.0,0.17216592
2225.0,2225.0,0.26843375
2226.0,2226.0,0.8095492
2227.0,2227.0,0.680558
2228.0,2228.0,0.28615746
2229.0,2229.0,0.03500133
2230.0,2230.0,0.82145846
2231.0,2231.0,0.13862205
2232.0,2232.0,0.05870533
2233.0,2233.0,0.16489604
2234.0,2234.0,0.054649465
2235.0,2235.0,0.1273828
2236.0,2236.0,0.061747923
2237.0,2237.0,0.2174575
2238.0,2238.0,0.76896447
2239.0,2239.0,0.11966877
2240.0,2240.0,0.08451937
2241.0,2241.0,0.045273144
2242.0,2242.0,0.7705518
2243.0,2243.0,0.42588198
2244.0,2244.0,0.05720833
2245.0,2245.0,0.19753328
2246.0,2246.0,0.020224752
2247.0,2247.0,0.8187557
2248.0,2248.0,0.096113764
2249.0,2249.0,0.043540157
2250.0,2250.0,0.094783574
2251.0,2251.0,0.5729993
2252.0,2252.0,0.41213644
2253.0,2253.0,0.5266827
2254.0,2254.0,0.15493846
2255.0,2255.0,0.11459733
2256.0,2256.0,0.09458959
2257.0,2257.0,0.0412834
2258.0,2258.0,0.059575778
2259.0,2259.0,0.101936266
2260.0,2260.0,0.008299571
2261.0,2261.0,0.016019491
2262.0,2262.0,0.054286875
2263.0,2263.0,0.08351536
2264.0,2264.0,0.6754478
2265.0,2265.0,0.044314966
2266.0,2266.0,0.13458474
2267.0,2267.0,0.03633071
2268.0,2268.0,0.08026654
2269.0,2269.0,0.10542675
2270.0,2270.0,2.3653985E-4
2271.0,2271.0,0.8282195
2272.0,2272.0,7.7115306E-5
2273.0,2273.0,0.18004157
2274.0,2274.0,0.3760965
2275.0,2275.0,0.2191759
2276.0,2276.0,3.2482468E-4
2277.0,2277.0,0.0875938
2278.0,2278.0,0.14637321
2279.0,2279.0,0.3749471
2280.0,2280.0,0.047207538
2281.0,2281.0,0.3090356
2282.0,2282.0,0.54840225
2283.0,2283.0,0.054212037
2284.0,2284.0,0.09489319
2285.0,2285.0,0.49935833
2286.0,2286.0,0.1035183
2287.0,2287.0,0.052905593
2288.0,2288.0,0.4494552
2289.0,2289.0,0.089187056
2290.0,2290.0,0.060616374
2291.0,2291.0,0.078988396
2292.0,2292.0,0.8609964
2293.0,2293.0,0.29394788
2294.0,2294.0,0.26540375
2295.0,2295.0,0.047896598
2296.0,2296.0,0.46691048
2297.0,2297.0,0.095760256
2298.0,2298.0,0.10430631
2299.0,2299.0,0.13865606
2300.0,2300.0,0.124071866
2301.0,2301.0,0.13501188
2302.0,2302.0,0.084417894
2303.0,2303.0,0.07626019
2304.0,2304.0,3.7720524E-6
2305.0,2305.0,0.13720217
2306.0,2306.0,0.1743571
2307.0,2307.0,0.15847947
2308.0,2308.0,0.11636963
2309.0,2309.0,0.03814412
2310.0,2310.0,0.1291913
2311.0,2311.0,0.082206786
2312.0,2312.0,0.033383187
2313.0,2313.0,0.79157615
2314.0,2314.0,0.63827735
2315.0,2315.0,0.7496801
2316.0,2316.0,0.017419552
2317.0,2317.0,0.11556052
2318.0,2318.0,0.07272179
2319.0,2319.0,0.56928515
2320.0,2320.0,0.06581981
2321.0,2321.0,0.1146857
2322.0,2322.0,0.040528923
2323.0,2323.0,0.0044081425
2324.0,2324.0,0.07925138
2325.0,2325.0,0.39935297
2326.0,2326.0,0.4126471
2327.0,2327.0,0.046027415
2328.0,2328.0,0.7707924
2329.0,2329.0,9.824671E-7
2330.0,2330.0,0.075839445
2331.0,2331.0,0.5094515
2332.0,2332.0,0.41198018
2333.0,2333.0,0.13427126
2334.0,2334.0,0.08846939
2335.0,2335.0,0.26704374
2336.0,2336.0,0.7004555
2337.0,2337.0,0.002638604
2338.0,2338.0,0.4934465
2339.0,2339.0,0.040112503
2340.0,2340.0,0.7089275
2341.0,2341.0,0.021736206
2342.0,2342.0,0.12526031
2343.0,2343.0,0.7925686
2344.0,2344.0,0.03897293
2345.0,2345.0,0.08730987
2346.0,2346.0,0.037089303
2347.0,2347.0,0.00565721
2348.0,2348.0,0.093623295
2349.0,2349.0,3.2284173E-5
2350.0,2350.0,0.095659435
2351.0,2351.0,0.6882283
2352.0,2352.0,0.31250072
2353.0,2353.0,0.1103267
2354.0,2354.0,3.6918696E-5
2355.0,2355.0,0.039755587
2356.0,2356.0,0.7976554
2357.0,2357.0,0.088704325
2358.0,2358.0,0.077825725
2359.0,2359.0,0.49938673
2360.0,2360.0,0.032156453
2361.0,2361.0,0.104254685
2362.0,2362.0,0.5515356
2363.0,2363.0,0.04430424
2364.0,2364.0,0.028054234
2365.0,2365.0,5.9756236E-5
2366.0,2366.0,0.014737615
2367.0,2367.0,0.036795784
2368.0,2368.0,0.102278434
2369.0,2369.0,0.08687338
2370.0,2370.0,0.06783533
2371.0,2371.0,0.4936581
2372.0,2372.0,0.1738824
2373.0,2373.0,0.0042468323
2374.0,2374.0,0.30548024
2375.0,2375.0,0.075419866
2376.0,2376.0,0.08469032
2377.0,2377.0,0.44681993
2378.0,2378.0,0.0030443997
2379.0,2379.0,0.050634578
2380.0,2380.0,0.011944488
2381.0,2381.0,0.038612403
2382.0,2382.0,0.15010259
2383.0,2383.0,0.18844603
2384.0,2384.0,0.11585679
2385.0,2385.0,2.324377E-5
2386.0,2386.0,0.07967069
2387.0,2387.0,0.02019845
2388.0,2388.0,0.08652967
2389.0,2389.0,0.024709534
2390.0,2390.0,0.21343012
2391.0,2391.0,0.06864994
2392.0,2392.0,0.19943084
2393.0,2393.0,4.2946835E-5
2394.0,2394.0,0.12997451
2395.0,2395.0,0.16453464
2396.0,2396.0,0.08177095
2397.0,2397.0,0.76194274
2398.0,2398.0,0.04802907
2399.0,2399.0,0.30536464
2400.0,2400.0,0.06588115
2401.0,2401.0,0.25532055
2402.0,2402.0,0.08206635
2403.0,2403.0,0.11011315
2404.0,2404.0,0.045183294
2405.0,2405.0,0.012037681
2406.0,2406.0,0.51966125
2407.0,2407.0,0.016072227
2408.0,2408.0,0.08881977
2409.0,2409.0,0.0011810869
2410.0,2410.0,0.24904218
2411.0,2411.0,0.1103537
2412.0,2412.0,0.043529734
2413.0,2413.0,0.82642156
2414.0,2414.0,0.04038496
2415.0,2415.0,0.029010717
2416.0,2416.0,0.15481547
2417.0,2417.0,0.1163642
2418.0,2418.0,0.05017571
2419.0,2419.0,0.070266284
2420.0,2420.0,0.8247783
2421.0,2421.0,0.08940416
2422.0,2422.0,1.5349977E-5
2423.0,2423.0,0.34444436
2424.0,2424.0,0.089674
2425.0,2425.0,0.55433285
2426.0,2426.0,0.04348502
2427.0,2427.0,0.059248593
2428.0,2428.0,0.11850426
2429.0,2429.0,1.3993251E-4
2430.0,2430.0,0.049047034
2431.0,2431.0,0.075509146
2432.0,2432.0,2.9460716E-6
2433.0,2433.0,0.051348936
2434.0,2434.0,0.0913425
2435.0,2435.0,0.13144957
2436.0,2436.0,0.08358943
2437.0,2437.0,0.006529071
2438.0,2438.0,0.026642634
2439.0,2439.0,0.22415218
2440.0,2440.0,0.10463801
2441.0,2441.0,0.18916154
2442.0,2442.0,0.08369887
2443.0,2443.0,0.3829596
2444.0,2444.0,0.33008054
2445.0,2445.0,0.65127075
2446.0,2446.0,0.021312231
2447.0,2447.0,0.18406467
2448.0,2448.0,0.14335364
2449.0,2449.0,3.1324042E-4
2450.0,2450.0,0.0639657
2451.0,2451.0,0.08224668
2452.0,2452.0,0.046909295
2453.0,2453.0,0.0038365454
2454.0,2454.0,0.19680473
2455.0,2455.0,0.07727037
2456.0,2456.0,6.371709E-6
2457.0,2457.0,0.12641801
2458.0,2458.0,0.079173245
2459.0,2459.0,0.03512602
2460.0,2460.0,0.100577645
2461.0,2461.0,0.08555872
2462.0,2462.0,0.008969515
2463.0,2463.0,0.7206289
2464.0,2464.0,0.079296395
2465.0,2465.0,0.17695232
2466.0,2466.0,0.18341233
2467.0,2467.0,0.16185243
2468.0,2468.0,0.03293151
2469.0,2469.0,0.043507844
2470.0,2470.0,0.10880894
2471.0,2471.0,0.31951123
2472.0,2472.0,0.767401
2473.0,2473.0,0.06276973
2474.0,2474.0,0.76725185
2475.0,2475.0,0.14700198
2476.0,2476.0,0.06717575
2477.0,2477.0,0.68496877
2478.0,2478.0,0.18196753
2479.0,2479.0,0.05810372
2480.0,2480.0,2.8281464E-5
2481.0,2481.0,0.03895826
2482.0,2482.0,0.11331009
2483.0,2483.0,0.050485723
2484.0,2484.0,0.7445573
2485.0,2485.0,0.10040463
2486.0,2486.0,0.08792271
2487.0,2487.0,0.027799068
2488.0,2488.0,0.33287632
2489.0,2489.0,0.13683465
2490.0,2490.0,1.4735537E-4
2491.0,2491.0,0.16895945
2492.0,2492.0,0.0019950878
2493.0,2493.0,0.8028376
2494.0,2494.0,0.7849699
2495.0,2495.0,0.32207343
2496.0,2496.0,3.6593847E-5
2497.0,2497.0,0.13282321
2498.0,2498.0,0.7637995
2499.0,2499.0,0.1252719
2500.0,2500.0,0.063344255
2501.0,2501.0,0.8143853
2502.0,2502.0,0.13580152
2503.0,2503.0,0.094077975
2504.0,2504.0,0.074730754
2505.0,2505.0,0.61193913
2506.0,2506.0,0.06014078
2507.0,2507.0,0.15912618
2508.0,2508.0,0.7103997
2509.0,2509.0,0.093796015
2510.0,2510.0,0.012511212
2511.0,2511.0,0.0045840484
2512.0,2512.0,0.061652906
2513.0,2513.0,0.48843074
2514.0,2514.0,0.08202386
2515.0,2515.0,8.743107E-6
2516.0,2516.0,0.16869536
2517.0,2517.0,0.79467773
2518.0,2518.0,0.48050603
2519.0,2519.0,0.061337467
2520.0,2520.0,0.0046098693
2521.0,2521.0,0.045964476
2522.0,2522.0,0.20386256
2523.0,2523.0,0.046947006
2524.0,2524.0,0.56282264
2525.0,2525.0,0.055537645
2526.0,2526.0,0.00974402
2527.0,2527.0,0.08750002
2528.0,2528.0,0.0065590544
2529.0,2529.0,0.36354467
2530.0,2530.0,0.03218379
2531.0,2531.0,0.25275773
2532.0,2532.0,0.13866074
2533.0,2533.0,0.0017207423
2534.0,2534.0,0.68201303
2535.0,2535.0,0.0032600833
2536.0,2536.0,0.06432163
2537.0,2537.0,0.21240516
2538.0,2538.0,0.7456756
2539.0,2539.0,0.05688081
2540.0,2540.0,0.12109569
2541.0,2541.0,0.14127997
2542.0,2542.0,0.24731138
2543.0,2543.0,0.3921805
2544.0,2544.0,0.7853009
2545.0,2545.0,0.059897486
2546.0,2546.0,0.036768135
2547.0,2547.0,0.090461574
2548.0,2548.0,0.05997529
2549.0,2549.0,0.4250565
2550.0,2550.0,0.024530642
2551.0,2551.0,0.068810344
2552.0,2552.0,0.58234155
2553.0,2553.0,0.028937988
2554.0,2554.0,0.07256505
2555.0,2555.0,0.13383377
2556.0,2556.0,0.7679814
2557.0,2557.0,0.05464475
2558.0,2558.0,0.19560337
2559.0,2559.0,0.1129568
2560.0,2560.0,0.11498923
2561.0,2561.0,0.087987095
2562.0,2562.0,0.089352414
2563.0,2563.0,0.07198554
2564.0,2564.0,4.139865E-4
2565.0,2565.0,0.04407244
2566.0,2566.0,0.058531452
2567.0,2567.0,0.066042565
2568.0,2568.0,0.11067476
2569.0,2569.0,0.075268656
2570.0,2570.0,0.57391113
2571.0,2571.0,0.7054965
2572.0,2572.0,0.11409533
2573.0,2573.0,0.08249692
2574.0,2574.0,0.0029428022
2575.0,2575.0,0.31216627
2576.0,2576.0,0.60319763
2577.0,2577.0,0.12320365
2578.0,2578.0,0.06559493
2579.0,2579.0,0.08637486
2580.0,2580.0,2.719888E-5
2581.0,2581.0,0.04417079
2582.0,2582.0,0.05171572
2583.0,2583.0,0.8176328
2584.0,2584.0,0.065580145
2585.0,2585.0,0.039968733
2586.0,2586.0,0.75894123
2587.0,2587.0,0.036760118
2588.0,2588.0,0.0010943824
2589.0,2589.0,0.004584283
2590.0,2590.0,0.33126464
2591.0,2591.0,0.059567004
2592.0,2592.0,0.12827863
2593.0,2593.0,0.66483253
2594.0,2594.0,0.719578
2595.0,2595.0,0.05652418
2596.0,2596.0,0.04329068
2597.0,2597.0,0.08752926
2598.0,2598.0,0.80314434
2599.0,2599.0,0.8186666
2600.0,2600.0,0.024636505
2601.0,2601.0,0.05618435
2602.0,2602.0,0.07312908
2603.0,2603.0,0.07661851
2604.0,2604.0,0.75056493
2605.0,2605.0,0.18037501
2606.0,2606.0,0.039747313
2607.0,2607.0,0.066585384
2608.0,2608.0,0.16785961
2609.0,2609.0,0.2392012
2610.0,2610.0,0.36570123
2611.0,2611.0,0.048122644
2612.0,2612.0,0.084769435
2613.0,2613.0,0.09911977
2614.0,2614.0,0.09435179
2615.0,2615.0,0.081310034
2616.0,2616.0,0.11394741
2617.0,2617.0,0.07185535
2618.0,2618.0,1.2859016E-5
2619.0,2619.0,0.112310685
2620.0,2620.0,0.394084
2621.0,2621.0,2.8300633E-6
2622.0,2622.0,0.06556355
2623.0,2623.0,6.271285E-7
2624.0,2624.0,0.61359435
2625.0,2625.0,0.34829205
2626.0,2626.0,0.0878563
2627.0,2627.0,0.10213887
2628.0,2628.0,0.09988223
2629.0,2629.0,0.080592684
2630.0,2630.0,0.0241195
2631.0,2631.0,0.52245146
2632.0,2632.0,0.12608618
2633.0,2633.0,0.020643368
2634.0,2634.0,0.7235736
2635.0,2635.0,0.7719507
2636.0,2636.0,0.75439537
2637.0,2637.0,0.07048348
2638.0,2638.0,0.25809458
2639.0,2639.0,0.10289605
2640.0,2640.0,0.06535723
2641.0,2641.0,0.8273509
2642.0,2642.0,0.15990607
2643.0,2643.0,0.12501484
2644.0,2644.0,0.13694179
2645.0,2645.0,0.06764714
2646.0,2646.0,0.38280216
2647.0,2647.0,0.18793301
2648.0,2648.0,0.04277793
2649.0,2649.0,0.04124728
2650.0,2650.0,0.09636889
2651.0,2651.0,0.7330984
2652.0,2652.0,0.7836236
2653.0,2653.0,0.20556466
2654.0,2654.0,0.14009373
2655.0,2655.0,1.4955395E-4
2656.0,2656.0,0.101266235
2657.0,2657.0,0.07650102
2658.0,2658.0,1.2968325E-4
2659.0,2659.0,0.38021287
2660.0,2660.0,0.43116662
2661.0,2661.0,0.3174544
2662.0,2662.0,0.12371691
2663.0,2663.0,0.11644294
2664.0,2664.0,0.1884679
2665.0,2665.0,0.77044314
2666.0,2666.0,0.07944797
2667.0,2667.0,6.249701E-4
2668.0,2668.0,1.2795375E-4
2669.0,2669.0,0.079578966
2670.0,2670.0,0.010697225
2671.0,2671.0,6.441968E-7
2672.0,2672.0,4.937736E-6
2673.0,2673.0,0.08854385
2674.0,2674.0,0.05072143
2675.0,2675.0,0.056707554
2676.0,2676.0,0.00467575
2677.0,2677.0,0.78232414
2678.0,2678.0,0.005673983
2679.0,2679.0,0.15096237
2680.0,2680.0,0.04233585
2681.0,2681.0,0.108058125
2682.0,2682.0,0.05820254
2683.0,2683.0,0.1257874
2684.0,2684.0,0.7180433
2685.0,2685.0,0.048799906
2686.0,2686.0,0.058317307
2687.0,2687.0,0.0021686875
2688.0,2688.0,3.3345455E-4
2689.0,2689.0,0.79746974
2690.0,2690.0,0.73331124
2691.0,2691.0,0.20561513
2692.0,2692.0,0.045837726
2693.0,2693.0,2.0791753E-4
2694.0,2694.0,0.3912484
2695.0,2695.0,0.12761308
2696.0,2696.0,0.10396045
2697.0,2697.0,0.15907007
2698.0,2698.0,0.7508521
2699.0,2699.0,0.47972453
2700.0,2700.0,0.29433656
2701.0,2701.0,0.64567107
2702.0,2702.0,0.7482596
2703.0,2703.0,0.069918536
2704.0,2704.0,0.3651602
2705.0,2705.0,0.778255
2706.0,2706.0,0.29258457
2707.0,2707.0,0.27502444
2708.0,2708.0,0.09321832
2709.0,2709.0,0.24369368
2710.0,2710.0,0.566411
2711.0,2711.0,0.16224836
2712.0,2712.0,0.09053892
2713.0,2713.0,0.113915175
2714.0,2714.0,0.13475588
2715.0,2715.0,0.15766007
2716.0,2716.0,0.4037529
2717.0,2717.0,0.74370784
2718.0,2718.0,0.20278268
2719.0,2719.0,0.11884364
2720.0,2720.0,0.03127645
2721.0,2721.0,0.33537108
2722.0,2722.0,0.10851125
2723.0,2723.0,0.21956193
2724.0,2724.0,0.30040976
2725.0,2725.0,0.25890106
2726.0,2726.0,0.05693499
2727.0,2727.0,0.029520879
2728.0,2728.0,0.8756356
2729.0,2729.0,0.1138175
2730.0,2730.0,0.36216655
2731.0,2731.0,0.0025502427
2732.0,2732.0,0.24023326
2733.0,2733.0,0.12657894
2734.0,2734.0,0.03678862
2735.0,2735.0,0.08897413
2736.0,2736.0,0.12322129
2737.0,2737.0,0.36617133
2738.0,2738.0,0.68973625
2739.0,2739.0,0.030127838
2740.0,2740.0,0.7441675
2741.0,2741.0,0.22828455
2742.0,2742.0,0.12859859
2743.0,2743.0,0.4823974
2744.0,2744.0,0.6952075
2745.0,2745.0,0.014747385
2746.0,2746.0,0.02968073
2747.0,2747.0,0.30482116
2748.0,2748.0,0.023485169
2749.0,2749.0,0.095402256
2750.0,2750.0,0.17985575
2751.0,2751.0,0.10997289
2752.0,2752.0,0.08759876
2753.0,2753.0,0.105345316
2754.0,2754.0,0.03777712
2755.0,2755.0,0.0029618724
2756.0,2756.0,0.091707066
2757.0,2757.0,3.8347875E-6
2758.0,2758.0,0.13554072
2759.0,2759.0,0.0011762605
2760.0,2760.0,0.010397345
2761.0,2761.0,0.031736095
2762.0,2762.0,0.026610821
2763.0,2763.0,0.6909922
2764.0,2764.0,0.17758837
2765.0,2765.0,0.0075356434
2766.0,2766.0,0.40440923
2767.0,2767.0,6.4535493E-6
2768.0,2768.0,0.10065068
2769.0,2769.0,0.09096913
2770.0,2770.0,0.32812688
2771.0,2771.0,0.0508652
2772.0,2772.0,0.116941065
2773.0,2773.0,0.118241556
2774.0,2774.0,0.10313487
2775.0,2775.0,0.7582343
2776.0,2776.0,0.17184032
2777.0,2777.0,0.10897494
2778.0,2778.0,0.045982167
2779.0,2779.0,0.0010189437
2780.0,2780.0,0.0035485898
2781.0,2781.0,0.09598142
2782.0,2782.0,0.05936674
2783.0,2783.0,0.079762764
2784.0,2784.0,0.75608385
2785.0,2785.0,0.016983908
2786.0,2786.0,1.12925496E-4
2787.0,2787.0,0.19222322
2788.0,2788.0,0.1230366
2789.0,2789.0,0.13293199
2790.0,2790.0,0.0669066
2791.0,2791.0,0.60620105
2792.0,2792.0,0.08694157
2793.0,2793.0,0.6711821
2794.0,2794.0,0.045162678
2795.0,2795.0,0.2751126
2796.0,2796.0,0.04474231
2797.0,2797.0,0.007627129
2798.0,2798.0,0.15947743
2799.0,2799.0,7.511411E-5
2800.0,2800.0,0.035658263
2801.0,2801.0,0.76572925
2802.0,2802.0,0.18418367
2803.0,2803.0,0.06255314
2804.0,2804.0,0.06764758
2805.0,2805.0,0.032031815
2806.0,2806.0,0.19278416
2807.0,2807.0,0.051782094
2808.0,2808.0,0.039161295
2809.0,2809.0,0.17262252
2810.0,2810.0,0.15412648
2811.0,2811.0,0.070478804
2812.0,2812.0,0.068527296
2813.0,2813.0,0.6787789
2814.0,2814.0,0.28026927
2815.0,2815.0,0.14479022
2816.0,2816.0,4.4752457E-4
2817.0,2817.0,0.17699333
2818.0,2818.0,0.002833245
2819.0,2819.0,0.04559874
2820.0,2820.0,0.8043899
2821.0,2821.0,0.11238428
2822.0,2822.0,0.7664143
2823.0,2823.0,0.059069917
2824.0,2824.0,0.047103487
2825.0,2825.0,0.05543547
2826.0,2826.0,0.12854421
2827.0,2827.0,0.083606295
2828.0,2828.0,0.10679478
2829.0,2829.0,1.3420382E-6
2830.0,2830.0,0.017955514
2831.0,2831.0,0.11638273
2832.0,2832.0,9.3452785E-5
2833.0,2833.0,0.25200912
2834.0,2834.0,0.030889982
2835.0,2835.0,0.07536567
2836.0,2836.0,0.7056191
2837.0,2837.0,0.074991
2838.0,2838.0,0.024956876
2839.0,2839.0,0.22813529
2840.0,2840.0,0.0027494682
2841.0,2841.0,0.33701783
2842.0,2842.0,0.048875265
2843.0,2843.0,4.72903E-4
2844.0,2844.0,0.08549292
2845.0,2845.0,0.72025007
2846.0,2846.0,0.13087553
2847.0,2847.0,0.06031724
2848.0,2848.0,0.16436887
2849.0,2849.0,0.042994928
2850.0,2850.0,0.1289553
2851.0,2851.0,0.17218871
2852.0,2852.0,3.4042538E-4
2853.0,2853.0,0.027422082
2854.0,2854.0,0.6451812
2855.0,2855.0,0.13813949
2856.0,2856.0,3.7802148E-4
2857.0,2857.0,0.7795835
2858.0,2858.0,0.09691565
2859.0,2859.0,0.6506017
2860.0,2860.0,0.16591285
2861.0,2861.0,0.52411973
2862.0,2862.0,0.61878014
2863.0,2863.0,0.7659461
2864.0,2864.0,0.8394569
2865.0,2865.0,7.237806E-5
2866.0,2866.0,0.13017003
2867.0,2867.0,7.168411E-4
2868.0,2868.0,0.11406355
2869.0,2869.0,0.6869197
2870.0,2870.0,3.1708576E-6
2871.0,2871.0,0.092740096
2872.0,2872.0,0.063485056
2873.0,2873.0,0.2710815
2874.0,2874.0,0.10577178
2875.0,2875.0,0.14669284
2876.0,2876.0,0.050655268
2877.0,2877.0,0.16250046
2878.0,2878.0,0.73217624
2879.0,2879.0,0.14048897
2880.0,2880.0,0.06454689
2881.0,2881.0,0.12233509
2882.0,2882.0,0.066002004
2883.0,2883.0,0.34551525
2884.0,2884.0,0.101281434
2885.0,2885.0,0.11519618
2886.0,2886.0,0.099227086
2887.0,2887.0,0.03750781
2888.0,2888.0,0.4747608
2889.0,2889.0,0.098609954
2890.0,2890.0,0.26532054
2891.0,2891.0,0.037188254
2892.0,2892.0,0.6114099
2893.0,2893.0,0.08190912
2894.0,2894.0,0.63655907
2895.0,2895.0,0.07681847
2896.0,2896.0,0.0777327
2897.0,2897.0,0.04461716
2898.0,2898.0,0.08936377
2899.0,2899.0,0.32120904
2900.0,2900.0,0.067331366
2901.0,2901.0,0.06507285
2902.0,2902.0,0.03804296
2903.0,2903.0,0.81046385
2904.0,2904.0,0.09481519
2905.0,2905.0,0.07974673
2906.0,2906.0,0.67424536
2907.0,2907.0,0.064503096
2908.0,2908.0,0.11525478
2909.0,2909.0,0.18744788
2910.0,2910.0,0.006260435
2911.0,2911.0,4.913304E-4
2912.0,2912.0,0.10257523
2913.0,2913.0,0.0031043855
2914.0,2914.0,5.103418E-4
2915.0,2915.0,0.76018816
2916.0,2916.0,0.25551602
2917.0,2917.0,0.08815146
2918.0,2918.0,0.774783
2919.0,2919.0,0.015879061
2920.0,2920.0,0.07522655
2921.0,2921.0,0.1294078
2922.0,2922.0,0.06315137
2923.0,2923.0,0.0015489658
2924.0,2924.0,0.06478157
2925.0,2925.0,0.06126614
2926.0,2926.0,0.15389204
2927.0,2927.0,0.08543801
2928.0,2928.0,0.07417957
2929.0,2929.0,0.18735352
2930.0,2930.0,0.5171832
2931.0,2931.0,0.15045184
2932.0,2932.0,0.10621763
2933.0,2933.0,0.025504276
2934.0,2934.0,0.08976769
2935.0,2935.0,0.044832435
2936.0,2936.0,0.12617905
2937.0,2937.0,0.19830184
2938.0,2938.0,0.07354219
2939.0,2939.0,0.7277022
2940.0,2940.0,0.05431988
2941.0,2941.0,0.49903277
2942.0,2942.0,0.12104699
2943.0,2943.0,0.74050057
2944.0,2944.0,0.14410393
2945.0,2945.0,7.495831E-4
2946.0,2946.0,0.82674205
2947.0,2947.0,0.32388604
2948.0,2948.0,0.7991296
2949.0,2949.0,0.001105962
2950.0,2950.0,0.5220894
2951.0,2951.0,0.12857407
2952.0,2952.0,0.3623628
2953.0,2953.0,4.1538733E-6
2954.0,2954.0,0.04077724
2955.0,2955.0,0.04301442
2956.0,2956.0,2.3040508E-5
2957.0,2957.0,0.07908293
2958.0,2958.0,0.055813935
2959.0,2959.0,0.81249005
2960.0,2960.0,0.7414311
2961.0,2961.0,0.31193697
2962.0,2962.0,0.8101621
2963.0,2963.0,0.11788323
2964.0,2964.0,0.13982736
2965.0,2965.0,0.30033255
2966.0,2966.0,0.6761052
2967.0,2967.0,0.12198892
2968.0,2968.0,0.18057202
2969.0,2969.0,0.6825975
2970.0,2970.0,0.101607874
2971.0,2971.0,0.7284155
2972.0,2972.0,0.002761052
2973.0,2973.0,0.019668803
2974.0,2974.0,0.7032224
2975.0,2975.0,0.31024832
2976.0,2976.0,0.7152435
2977.0,2977.0,5.4637523E-5
2978.0,2978.0,0.0012127302
2979.0,2979.0,0.25658658
2980.0,2980.0,5.1005563E-6
2981.0,2981.0,0.8508384
2982.0,2982.0,0.008583438
2983.0,2983.0,0.035809822
2984.0,2984.0,0.080608904
2985.0,2985.0,0.18844557
2986.0,2986.0,0.07355497
2987.0,2987.0,0.11460188
2988.0,2988.0,0.08885021
2989.0,2989.0,0.023546822
2990.0,2990.0,0.7537143
2991.0,2991.0,0.07685475
2992.0,2992.0,0.7319992
2993.0,2993.0,0.22704495
2994.0,2994.0,0.093465805
2995.0,2995.0,0.39776772
2996.0,2996.0,0.10274889
2997.0,2997.0,0.1831807
2998.0,2998.0,0.6960594
2999.0,2999.0,7.092791E-4
3000.0,3000.0,0.022450833
3001.0,3001.0,7.372194E-6
3002.0,3002.0,0.7445787
3003.0,3003.0,0.06495138
3004.0,3004.0,0.75361204
3005.0,3005.0,1.9337233E-6
3006.0,3006.0,1.3184456E-4
3007.0,3007.0,0.0018964285
3008.0,3008.0,0.29359224
3009.0,3009.0,0.17295404
3010.0,3010.0,0.09013875
3011.0,3011.0,0.24887338
3012.0,3012.0,0.059190165
3013.0,3013.0,0.11419362
3014.0,3014.0,0.7148365
3015.0,3015.0,0.12681083
3016.0,3016.0,0.10525256
3017.0,3017.0,0.5792602
3018.0,3018.0,0.095681116
3019.0,3019.0,0.08722045
3020.0,3020.0,0.17966288
3021.0,3021.0,0.1247217
3022.0,3022.0,3.809797E-5
3023.0,3023.0,0.09592949
3024.0,3024.0,0.06619639
3025.0,3025.0,0.66817856
3026.0,3026.0,0.07434116
3027.0,3027.0,0.8213091
3028.0,3028.0,0.10032745
3029.0,3029.0,0.33452004
3030.0,3030.0,0.10492965
3031.0,3031.0,0.2835459
3032.0,3032.0,6.5844716E-4
3033.0,3033.0,0.30802518
3034.0,3034.0,0.79123914
3035.0,3035.0,0.15063193
3036.0,3036.0,0.08301031
3037.0,3037.0,0.06222673
3038.0,3038.0,0.0905161
3039.0,3039.0,0.12191943
3040.0,3040.0,0.17430662
3041.0,3041.0,0.7187596
3042.0,3042.0,0.18241222
3043.0,3043.0,0.086594395
3044.0,3044.0,0.73620474
3045.0,3045.0,0.72637343
3046.0,3046.0,0.07750338
3047.0,3047.0,0.2324616
3048.0,3048.0,0.06219733
3049.0,3049.0,0.0017037694
3050.0,3050.0,0.7109935
3051.0,3051.0,0.11814335
3052.0,3052.0,0.11144683
3053.0,3053.0,0.49964204
3054.0,3054.0,0.7792865
3055.0,3055.0,0.7950104
3056.0,3056.0,3.7021158E-4
3057.0,3057.0,0.32945886
3058.0,3058.0,0.08209395
3059.0,3059.0,0.3456143
3060.0,3060.0,0.06627872
3061.0,3061.0,0.06927642
3062.0,3062.0,0.07450074
3063.0,3063.0,0.07219105
3064.0,3064.0,0.1882094
3065.0,3065.0,0.26446477
3066.0,3066.0,0.43868086
3067.0,3067.0,0.06074125
3068.0,3068.0,0.06756362
3069.0,3069.0,1.732194E-4
3070.0,3070.0,0.06253827
3071.0,3071.0,0.08659085
3072.0,3072.0,0.059388403
3073.0,3073.0,0.0932773
3074.0,3074.0,0.1434897
3075.0,3075.0,0.16707791
3076.0,3076.0,0.0020113923
3077.0,3077.0,0.1997089
3078.0,3078.0,0.0826091
3079.0,3079.0,0.32030392
3080.0,3080.0,7.961198E-5
3081.0,3081.0,0.06354925
3082.0,3082.0,0.06447627
3083.0,3083.0,0.025740331
3084.0,3084.0,0.035173856
3085.0,3085.0,0.17829172
3086.0,3086.0,0.7722409
3087.0,3087.0,0.8323315
3088.0,3088.0,0.036672313
3089.0,3089.0,0.084566906
3090.0,3090.0,1.6652275E-5
3091.0,3091.0,0.050478704
3092.0,3092.0,0.084312566
3093.0,3093.0,0.06427239
3094.0,3094.0,0.2012595
3095.0,3095.0,0.6414597
3096.0,3096.0,0.064063385
3097.0,3097.0,0.032498874
3098.0,3098.0,0.06633237
3099.0,3099.0,0.039890245
3100.0,3100.0,0.12530392
3101.0,3101.0,0.19033372
3102.0,3102.0,0.14357202
3103.0,3103.0,0.8163368
3104.0,3104.0,7.465828E-5
3105.0,3105.0,0.077716485
3106.0,3106.0,0.7706377
3107.0,3107.0,0.19992206
3108.0,3108.0,0.776904
3109.0,3109.0,0.002691269
3110.0,3110.0,0.0010205182
3111.0,3111.0,1.8610743E-4
3112.0,3112.0,0.64652747
3113.0,3113.0,0.3041496
3114.0,3114.0,0.135134
3115.0,3115.0,0.13263172
3116.0,3116.0,0.8459902
3117.0,3117.0,0.079293296
3118.0,3118.0,1.2161518E-5
3119.0,3119.0,0.21520375
3120.0,3120.0,0.79308873
3121.0,3121.0,0.13225526
3122.0,3122.0,0.046458032
3123.0,3123.0,0.15262352
3124.0,3124.0,0.108491175
3125.0,3125.0,0.28763178
3126.0,3126.0,0.0023596354
3127.0,3127.0,0.06893439
3128.0,3128.0,0.06801262
3129.0,3129.0,0.11239734
3130.0,3130.0,0.11048342
3131.0,3131.0,0.21082133
3132.0,3132.0,0.5698641
3133.0,3133.0,0.19909836
3134.0,3134.0,0.11834993
3135.0,3135.0,0.016067578
3136.0,3136.0,0.28977397
3137.0,3137.0,0.07765367
3138.0,3138.0,0.08603935
3139.0,3139.0,6.182384E-4
3140.0,3140.0,0.22093797
3141.0,3141.0,0.08887932
3142.0,3142.0,0.075113475
3143.0,3143.0,9.970018E-4
3144.0,3144.0,6.670132E-5
3145.0,3145.0,0.09537316
3146.0,3146.0,0.07989832
3147.0,3147.0,0.1446296
3148.0,3148.0,0.70767534
3149.0,3149.0,0.07395135
3150.0,3150.0,0.7343748
3151.0,3151.0,0.04302109
3152.0,3152.0,0.21459585
3153.0,3153.0,0.021349438
3154.0,3154.0,0.13646574
3155.0,3155.0,0.09291515
3156.0,3156.0,0.077477686
3157.0,3157.0,0.07690029
3158.0,3158.0,0.085806474
3159.0,3159.0,0.03144956
3160.0,3160.0,0.13544811
3161.0,3161.0,2.3225428E-5
3162.0,3162.0,0.14498565
3163.0,3163.0,0.00197116
3164.0,3164.0,0.25094494
3165.0,3165.0,0.075174056
3166.0,3166.0,0.03735841
3167.0,3167.0,0.24283917
3168.0,3168.0,0.010758266
3169.0,3169.0,0.6775722
3170.0,3170.0,0.36369556
3171.0,3171.0,0.13782263
3172.0,3172.0,0.31781378
3173.0,3173.0,0.20361423
3174.0,3174.0,0.15726466
3175.0,3175.0,0.24230331
3176.0,3176.0,0.109385855
3177.0,3177.0,0.02486826
3178.0,3178.0,0.03590167
3179.0,3179.0,0.06748668
3180.0,3180.0,0.046892013
3181.0,3181.0,0.6935545
3182.0,3182.0,0.22866724
3183.0,3183.0,0.16459595
3184.0,3184.0,0.011545225
3185.0,3185.0,0.16152422
3186.0,3186.0,0.08006163
3187.0,3187.0,0.1925026
3188.0,3188.0,0.20249026
3189.0,3189.0,0.04848343
3190.0,3190.0,0.14422642
3191.0,3191.0,0.18460979
3192.0,3192.0,0.10437923
3193.0,3193.0,0.057780437
3194.0,3194.0,0.13803913
3195.0,3195.0,0.06747317
3196.0,3196.0,3.5914787E-4
3197.0,3197.0,0.075741224
3198.0,3198.0,5.166212E-5
3199.0,3199.0,0.16247065
3200.0,3200.0,0.003847858
3201.0,3201.0,0.0635853
3202.0,3202.0,0.085810706
3203.0,3203.0,0.78845894
3204.0,3204.0,0.25018165
3205.0,3205.0,0.82839435
3206.0,3206.0,0.35643238
3207.0,3207.0,0.119985946
3208.0,3208.0,0.19783811
3209.0,3209.0,3.049589E-4
3210.0,3210.0,0.060211834
3211.0,3211.0,0.0472275
3212.0,3212.0,0.20592497
3213.0,3213.0,0.81718856
3214.0,3214.0,0.1328355
3215.0,3215.0,0.19210312
3216.0,3216.0,0.018169986
3217.0,3217.0,0.17198516
3218.0,3218.0,0.09081196
3219.0,3219.0,0.7498077
3220.0,3220.0,0.04630946
3221.0,3221.0,0.105163954
3222.0,3222.0,0.06986608
3223.0,3223.0,0.15370004
3224.0,3224.0,5.5690666E-6
3225.0,3225.0,0.404753
3226.0,3226.0,0.040256295
3227.0,3227.0,0.18920772
3228.0,3228.0,0.2586133
3229.0,3229.0,0.011080453
3230.0,3230.0,0.050030466
3231.0,3231.0,0.08538684
3232.0,3232.0,6.3971453E-4
3233.0,3233.0,0.6266292
3234.0,3234.0,0.77947015
3235.0,3235.0,0.05473998
3236.0,3236.0,0.151546
3237.0,3237.0,0.048139
3238.0,3238.0,8.819434E-5
3239.0,3239.0,0.15238133
3240.0,3240.0,0.24046533
3241.0,3241.0,0.019803286
3242.0,3242.0,5.7181594E-4
3243.0,3243.0,0.05600056
3244.0,3244.0,0.048940666
3245.0,3245.0,2.408281E-5
3246.0,3246.0,0.5117001
3247.0,3247.0,0.03791786
3248.0,3248.0,0.068709224
3249.0,3249.0,0.10171493
3250.0,3250.0,4.217201E-4
3251.0,3251.0,0.3212042
3252.0,3252.0,0.70512706
3253.0,3253.0,0.10224915
3254.0,3254.0,0.0013875578
3255.0,3255.0,0.19524227
3256.0,3256.0,0.79006463
3257.0,3257.0,0.70192134
3258.0,3258.0,0.1117898
3259.0,3259.0,0.11909546
3260.0,3260.0,3.704876E-6
3261.0,3261.0,8.513938E-6
3262.0,3262.0,0.7364677
3263.0,3263.0,2.1805156E-4
3264.0,3264.0,2.7667775E-4
3265.0,3265.0,0.27271163
3266.0,3266.0,0.14838403
3267.0,3267.0,0.017465813
3268.0,3268.0,0.08038061
3269.0,3269.0,0.17312449
3270.0,3270.0,0.0851454
3271.0,3271.0,0.109902285
3272.0,3272.0,0.07143773
3273.0,3273.0,1.3379517E-5
3274.0,3274.0,0.057977065
3275.0,3275.0,0.098859295
3276.0,3276.0,0.74052334
3277.0,3277.0,0.082840376
3278.0,3278.0,0.06750086
3279.0,3279.0,0.7146584
3280.0,3280.0,0.101951145
3281.0,3281.0,2.3746848E-4
3282.0,3282.0,0.19483106
3283.0,3283.0,0.026086025
3284.0,3284.0,0.5471977
3285.0,3285.0,0.27383214
3286.0,3286.0,0.4877321
3287.0,3287.0,0.066651426
3288.0,3288.0,0.054247703
3289.0,3289.0,0.08852499
3290.0,3290.0,0.06584925
3291.0,3291.0,0.052111734
3292.0,3292.0,3.27275E-5
3293.0,3293.0,3.8262344E-5
3294.0,3294.0,0.6650554
3295.0,3295.0,0.15756093
3296.0,3296.0,0.07789019
3297.0,3297.0,0.09037762
3298.0,3298.0,0.08360302
3299.0,3299.0,0.14893548
3300.0,3300.0,0.7082247
3301.0,3301.0,0.8657861
3302.0,3302.0,0.06937125
3303.0,3303.0,0.040941317
3304.0,3304.0,0.11383809
3305.0,3305.0,0.7837092
3306.0,3306.0,0.111348405
3307.0,3307.0,0.10489716
3308.0,3308.0,9.9145764E-5
3309.0,3309.0,0.059786808
3310.0,3310.0,0.04321589
3311.0,3311.0,0.05868948
3312.0,3312.0,0.09221315
3313.0,3313.0,0.4370791
3314.0,3314.0,0.08747827
3315.0,3315.0,0.060609665
3316.0,3316.0,0.11317748
3317.0,3317.0,0.10100365
3318.0,3318.0,0.6070467
3319.0,3319.0,0.60510117
3320.0,3320.0,0.14952783
3321.0,3321.0,0.22004889
3322.0,3322.0,0.108163156
3323.0,3323.0,0.20956706
3324.0,3324.0,0.6181522
3325.0,3325.0,0.006574387
3326.0,3326.0,0.07590522
3327.0,3327.0,9.901994E-4
3328.0,3328.0,0.76303923
3329.0,3329.0,0.006049094
3330.0,3330.0,0.07657854
3331.0,3331.0,0.1595926
3332.0,3332.0,0.065566264
3333.0,3333.0,0.14820871
3334.0,3334.0,0.09956425
3335.0,3335.0,0.7362439
3336.0,3336.0,0.083299935
3337.0,3337.0,0.48131362
3338.0,3338.0,0.084365085
3339.0,3339.0,0.10495979
3340.0,3340.0,0.24764019
3341.0,3341.0,0.6368492
3342.0,3342.0,0.06298503
3343.0,3343.0,0.6684594
3344.0,3344.0,0.7772747
3345.0,3345.0,1.744803E-5
3346.0,3346.0,0.23333408
3347.0,3347.0,0.08985545
3348.0,3348.0,1.3287706E-5
3349.0,3349.0,0.1347949
3350.0,3350.0,0.7944414
3351.0,3351.0,0.36153978
3352.0,3352.0,0.80049443
3353.0,3353.0,0.23636597
3354.0,3354.0,0.1435802
3355.0,3355.0,0.06342333
3356.0,3356.0,0.16097379
3357.0,3357.0,0.04296524
3358.0,3358.0,0.0070996895
3359.0,3359.0,4.5380966E-6
3360.0,3360.0,0.69804275
3361.0,3361.0,0.0030544754
3362.0,3362.0,9.471999E-5
3363.0,3363.0,0.076780826
3364.0,3364.0,0.0660851
3365.0,3365.0,0.20435041
3366.0,3366.0,0.10944011
3367.0,3367.0,0.17375863
3368.0,3368.0,0.7736481
3369.0,3369.0,0.30339602
3370.0,3370.0,0.18178895
3371.0,3371.0,0.09982253
3372.0,3372.0,0.1798066
3373.0,3373.0,0.100082666
3374.0,3374.0,0.041540764
3375.0,3375.0,0.73896724
3376.0,3376.0,0.19368131
3377.0,3377.0,0.056406472
3378.0,3378.0,0.0435786
3379.0,3379.0,0.01831467
3380.0,3380.0,0.73075217
3381.0,3381.0,0.76889646
3382.0,3382.0,0.068176806
3383.0,3383.0,0.11091134
3384.0,3384.0,0.11851607
3385.0,3385.0,0.18373403
3386.0,3386.0,0.4159737
3387.0,3387.0,0.051905435
3388.0,3388.0,1.2296229E-4
3389.0,3389.0,0.028552873
3390.0,3390.0,0.090945944
3391.0,3391.0,0.0026943781
3392.0,3392.0,0.20245421
3393.0,3393.0,0.65331733
3394.0,3394.0,0.11902935
3395.0,3395.0,3.2138242E-4
3396.0,3396.0,0.08026863
3397.0,3397.0,0.035583623
3398.0,3398.0,0.020750115
3399.0,3399.0,0.21322337
3400.0,3400.0,0.022677507
3401.0,3401.0,0.103013515
3402.0,3402.0,0.09155725
3403.0,3403.0,0.048714716
3404.0,3404.0,0.047967065
3405.0,3405.0,0.050823558
3406.0,3406.0,0.13353357
3407.0,3407.0,0.23930182
3408.0,3408.0,5.9607326E-5
3409.0,3409.0,0.15157674
3410.0,3410.0,0.059646286
3411.0,3411.0,2.7244922E-4
3412.0,3412.0,0.08022639
3413.0,3413.0,0.8475208
3414.0,3414.0,0.09393348
3415.0,3415.0,0.28928563
3416.0,3416.0,0.07019026
3417.0,3417.0,0.22143961
3418.0,3418.0,0.06372035
3419.0,3419.0,0.04740072
3420.0,3420.0,0.033243123
3421.0,3421.0,0.0028069846
3422.0,3422.0,0.12055243
3423.0,3423.0,0.12322991
3424.0,3424.0,0.1010103
3425.0,3425.0,0.06280818
3426.0,3426.0,0.03159782
3427.0,3427.0,0.71756643
3428.0,3428.0,0.002431333
3429.0,3429.0,0.024234349
3430.0,3430.0,0.6303456
3431.0,3431.0,0.11480971
3432.0,3432.0,0.0012797356
3433.0,3433.0,0.28431654
3434.0,3434.0,0.002558994
3435.0,3435.0,0.06181993
3436.0,3436.0,0.042717215
3437.0,3437.0,0.0019737226
3438.0,3438.0,0.15093258
3439.0,3439.0,0.056708883
3440.0,3440.0,0.21841434
3441.0,3441.0,0.060171615
3442.0,3442.0,0.106365986
3443.0,3443.0,0.12298752
3444.0,3444.0,0.6461252
3445.0,3445.0,0.014986452
3446.0,3446.0,0.7727256
3447.0,3447.0,0.09007759
3448.0,3448.0,0.032055527
3449.0,3449.0,0.38130188
3450.0,3450.0,0.059626974
3451.0,3451.0,0.04016498
3452.0,3452.0,3.7581696E-5
3453.0,3453.0,1.2296703E-4
3454.0,3454.0,0.21622731
3455.0,3455.0,0.076563366
3456.0,3456.0,0.73972565
3457.0,3457.0,0.34707436
3458.0,3458.0,0.10913965
3459.0,3459.0,0.20408496
3460.0,3460.0,0.072276734
3461.0,3461.0,0.7414471
3462.0,3462.0,0.08917775
3463.0,3463.0,0.2985932
3464.0,3464.0,0.12236218
3465.0,3465.0,0.2449341
3466.0,3466.0,0.009990928
3467.0,3467.0,0.48105535
3468.0,3468.0,0.4508393
3469.0,3469.0,0.038639057
3470.0,3470.0,0.027269134
3471.0,3471.0,0.04091094
3472.0,3472.0,0.0024186492
3473.0,3473.0,0.13780922
3474.0,3474.0,0.114087775
3475.0,3475.0,0.07912689
3476.0,3476.0,0.17431378
3477.0,3477.0,0.07824227
3478.0,3478.0,2.0100364E-5
3479.0,3479.0,0.09543897
3480.0,3480.0,0.10222998
3481.0,3481.0,0.102962054
3482.0,3482.0,0.063197084
3483.0,3483.0,0.73714185
3484.0,3484.0,0.79333425
3485.0,3485.0,0.03561035
3486.0,3486.0,0.027204286
3487.0,3487.0,0.7032025
3488.0,3488.0,0.6639423
3489.0,3489.0,0.5337301
3490.0,3490.0,0.020480031
3491.0,3491.0,0.05921566
3492.0,3492.0,0.2590497
3493.0,3493.0,0.13833715
3494.0,3494.0,0.7614864
3495.0,3495.0,0.115897655
3496.0,3496.0,0.09348312
3497.0,3497.0,0.046998538
3498.0,3498.0,1.4806061E-5
3499.0,3499.0,0.09345049
3500.0,3500.0,0.38847628
3501.0,3501.0,0.11150572
3502.0,3502.0,1.3118076E-4
3503.0,3503.0,0.36704165
3504.0,3504.0,0.03440838
3505.0,3505.0,0.11864836
3506.0,3506.0,0.642229
3507.0,3507.0,0.15444325
3508.0,3508.0,0.053664632
3509.0,3509.0,0.08274095
3510.0,3510.0,0.20038103
3511.0,3511.0,0.7785897
3512.0,3512.0,0.09620792
3513.0,3513.0,0.13301523
3514.0,3514.0,0.10130933
3515.0,3515.0,0.08951672
3516.0,3516.0,0.41866487
3517.0,3517.0,0.15593871
3518.0,3518.0,0.042527065
3519.0,3519.0,0.6537625
3520.0,3520.0,0.679434
3521.0,3521.0,0.5383972
3522.0,3522.0,0.059272487
3523.0,3523.0,1.1625694E-5
3524.0,3524.0,0.07574352
3525.0,3525.0,0.11950239
3526.0,3526.0,0.020120472
3527.0,3527.0,0.28045207
3528.0,3528.0,0.22155297
3529.0,3529.0,0.26193953
3530.0,3530.0,1.34385145E-5
3531.0,3531.0,0.0016731088
3532.0,3532.0,6.740737E-4
3533.0,3533.0,0.092050664
3534.0,3534.0,0.06512833
3535.0,3535.0,0.057276767
3536.0,3536.0,0.54055387
3537.0,3537.0,0.07980656
3538.0,3538.0,0.18500486
3539.0,3539.0,0.05189004
3540.0,3540.0,0.08084081
3541.0,3541.0,0.12720224
3542.0,3542.0,0.086306475
3543.0,3543.0,2.073143E-5
3544.0,3544.0,0.09258099
3545.0,3545.0,0.27236384
3546.0,3546.0,0.121988945
3547.0,3547.0,0.013028641
3548.0,3548.0,0.09410041
3549.0,3549.0,0.10906006
3550.0,3550.0,0.42448637
3551.0,3551.0,0.076836094
3552.0,3552.0,0.78549814
3553.0,3553.0,0.028720122
3554.0,3554.0,0.10786916
3555.0,3555.0,0.12416103
3556.0,3556.0,9.6099844E-5
3557.0,3557.0,6.5922786E-6
3558.0,3558.0,0.77248526
3559.0,3559.0,1.1751435E-5
3560.0,3560.0,0.46152583
3561.0,3561.0,0.8671477
3562.0,3562.0,0.1889054
3563.0,3563.0,0.10416771
3564.0,3564.0,0.06543334
3565.0,3565.0,0.07708463
3566.0,3566.0,0.11155899
3567.0,3567.0,0.3581607
3568.0,3568.0,0.06654676
3569.0,3569.0,0.13806829
3570.0,3570.0,0.63784903
3571.0,3571.0,0.02923386
3572.0,3572.0,0.06926317
3573.0,3573.0,0.11567373
3574.0,3574.0,0.082922004
3575.0,3575.0,0.17946902
3576.0,3576.0,3.58371E-5
3577.0,3577.0,4.424979E-6
3578.0,3578.0,0.12624072
3579.0,3579.0,0.08691062
3580.0,3580.0,0.09874055
3581.0,3581.0,0.2610304
3582.0,3582.0,0.114003256
3583.0,3583.0,1.9679628E-5
3584.0,3584.0,0.05948555
3585.0,3585.0,0.08692662
3586.0,3586.0,0.044819277
3587.0,3587.0,0.71236014
3588.0,3588.0,4.10993E-4
3589.0,3589.0,0.040562008
3590.0,3590.0,0.08554019
3591.0,3591.0,3.164928E-4
3592.0,3592.0,0.105248116
3593.0,3593.0,0.040426653
3594.0,3594.0,0.048812434
3595.0,3595.0,0.108037725
3596.0,3596.0,0.43532005
3597.0,3597.0,0.2143238
3598.0,3598.0,0.07874311
3599.0,3599.0,0.03377068
3600.0,3600.0,0.18314502
3601.0,3601.0,0.024698287
3602.0,3602.0,0.14347236
3603.0,3603.0,0.37657434
3604.0,3604.0,0.08594578
3605.0,3605.0,0.096440285
3606.0,3606.0,0.07152165
3607.0,3607.0,0.09199253
3608.0,3608.0,0.11694018
3609.0,3609.0,0.07010785
3610.0,3610.0,0.04576125
3611.0,3611.0,0.08817452
3612.0,3612.0,0.62200385
3613.0,3613.0,0.12015551
3614.0,3614.0,0.08176268
3615.0,3615.0,0.086739995
3616.0,3616.0,0.21382818
3617.0,3617.0,0.018350843
3618.0,3618.0,0.080539696
3619.0,3619.0,0.13915409
3620.0,3620.0,9.87726E-4
3621.0,3621.0,0.06110924
3622.0,3622.0,0.12895773
3623.0,3623.0,0.14181168
3624.0,3624.0,0.74450916
3625.0,3625.0,0.18346718
3626.0,3626.0,8.908078E-4
3627.0,3627.0,0.07618698
3628.0,3628.0,0.13034937
3629.0,3629.0,0.114516445
3630.0,3630.0,0.15948135
3631.0,3631.0,0.5317202
3632.0,3632.0,0.049436327
3633.0,3633.0,0.08388781
3634.0,3634.0,0.18008623
3635.0,3635.0,0.04142192
3636.0,3636.0,0.0016156109
3637.0,3637.0,0.2807978
3638.0,3638.0,0.074708894
3639.0,3639.0,0.109692335
3640.0,3640.0,0.054152153
3641.0,3641.0,0.12277073
3642.0,3642.0,0.09160656
3643.0,3643.0,0.10771526
3644.0,3644.0,0.055224966
3645.0,3645.0,0.18611209
3646.0,3646.0,0.70300305
3647.0,3647.0,0.065010555
3648.0,3648.0,0.09635394
3649.0,3649.0,2.0716563E-5
3650.0,3650.0,0.08063685
3651.0,3651.0,0.008166411
3652.0,3652.0,0.037969276
3653.0,3653.0,0.6404125
3654.0,3654.0,0.09188365
3655.0,3655.0,0.3016831
3656.0,3656.0,0.03158197
3657.0,3657.0,0.75409526
3658.0,3658.0,0.03820842
3659.0,3659.0,0.14166299
3660.0,3660.0,5.054787E-5
3661.0,3661.0,0.055489518
3662.0,3662.0,8.396447E-5
3663.0,3663.0,0.090053536
3664.0,3664.0,0.3187538
3665.0,3665.0,0.008637118
3666.0,3666.0,0.08091845
3667.0,3667.0,0.20293899
3668.0,3668.0,0.060225572
3669.0,3669.0,0.64702445
3670.0,3670.0,0.15605098
3671.0,3671.0,0.003503172
3672.0,3672.0,0.0108384155
3673.0,3673.0,0.05944846
3674.0,3674.0,0.7672119
3675.0,3675.0,0.03052707
3676.0,3676.0,0.31868768
3677.0,3677.0,0.31692082
3678.0,3678.0,0.20394078
3679.0,3679.0,0.11094834
3680.0,3680.0,0.12535925
3681.0,3681.0,0.12025064
3682.0,3682.0,8.40555E-6
3683.0,3683.0,0.04766764
3684.0,3684.0,0.00104554
3685.0,3685.0,0.6909479
3686.0,3686.0,0.11484253
3687.0,3687.0,0.14582306
3688.0,3688.0,0.093446545
3689.0,3689.0,0.7746921
3690.0,3690.0,0.14805102
3691.0,3691.0,0.16259255
3692.0,3692.0,0.14076808
3693.0,3693.0,0.347541
3694.0,3694.0,0.34200507
3695.0,3695.0,0.0976503
3696.0,3696.0,0.054296296
3697.0,3697.0,0.06370317
3698.0,3698.0,0.053144008
3699.0,3699.0,0.52414227
3700.0,3700.0,0.052133176
3701.0,3701.0,0.1138377
3702.0,3702.0,0.13922459
3703.0,3703.0,0.64254135
3704.0,3704.0,0.8282856
3705.0,3705.0,0.023855377
3706.0,3706.0,4.2143936E-5
3707.0,3707.0,0.114000425
3708.0,3708.0,0.1386889
3709.0,3709.0,0.098852344
3710.0,3710.0,0.04349093
3711.0,3711.0,0.08367718
3712.0,3712.0,0.3254043
3713.0,3713.0,0.36762503
3714.0,3714.0,0.07143259
3715.0,3715.0,0.10485803
3716.0,3716.0,5.8036192E-5
3717.0,3717.0,0.021463292
3718.0,3718.0,0.3864344
3719.0,3719.0,0.09946483
3720.0,3720.0,0.44174665
3721.0,3721.0,0.18213688
3722.0,3722.0,5.31517E-5
3723.0,3723.0,0.6732383
3724.0,3724.0,0.13762456
3725.0,3725.0,0.09344437
3726.0,3726.0,0.0021223424
3727.0,3727.0,0.19238378
3728.0,3728.0,0.02070207
3729.0,3729.0,0.06729958
3730.0,3730.0,0.15748364
3731.0,3731.0,0.101800494
3732.0,3732.0,0.30429363
3733.0,3733.0,0.749447
3734.0,3734.0,0.06882515
3735.0,3735.0,0.08562256
3736.0,3736.0,0.044283684
3737.0,3737.0,0.78181887
3738.0,3738.0,0.7436138
3739.0,3739.0,3.6847518E-6
3740.0,3740.0,0.005991644
3741.0,3741.0,0.061892174
3742.0,3742.0,0.117874384
3743.0,3743.0,0.7457975
3744.0,3744.0,0.06775195
3745.0,3745.0,0.062715925
3746.0,3746.0,0.12750936
3747.0,3747.0,0.20760572
3748.0,3748.0,0.24765393
3749.0,3749.0,0.087029174
3750.0,3750.0,0.16732015
3751.0,3751.0,8.9497934E-4
3752.0,3752.0,0.78531444
3753.0,3753.0,9.686166E-4
3754.0,3754.0,0.08025808
3755.0,3755.0,0.7524415
3756.0,3756.0,0.12036406
3757.0,3757.0,0.72650903
3758.0,3758.0,0.7560018
3759.0,3759.0,0.22919127
3760.0,3760.0,0.7139628
3761.0,3761.0,4.560269E-4
3762.0,3762.0,0.08127117
3763.0,3763.0,0.13591881
3764.0,3764.0,0.74315494
3765.0,3765.0,0.053528357
3766.0,3766.0,3.4452048E-6
3767.0,3767.0,0.0016446341
3768.0,3768.0,0.10533606
3769.0,3769.0,0.006472774
3770.0,3770.0,0.7533947
3771.0,3771.0,0.089414425
3772.0,3772.0,0.29882994
3773.0,3773.0,0.015519248
3774.0,3774.0,0.011526306
3775.0,3775.0,3.0593937E-6
3776.0,3776.0,0.39754692
3777.0,3777.0,1.1937734E-4
3778.0,3778.0,0.7602322
3779.0,3779.0,6.3212425E-4
3780.0,3780.0,7.3352E-5
3781.0,3781.0,0.31151575
3782.0,3782.0,0.11081693
3783.0,3783.0,0.29724497
3784.0,3784.0,0.016958613
3785.0,3785.0,0.72828823
3786.0,3786.0,0.06787794
3787.0,3787.0,1.0282171E-4
3788.0,3788.0,0.07004749
3789.0,3789.0,0.7015093
3790.0,3790.0,0.0489741
3791.0,3791.0,3.850444E-4
3792.0,3792.0,0.14120628
3793.0,3793.0,0.20502037
3794.0,3794.0,0.0910253
3795.0,3795.0,0.43827596
3796.0,3796.0,0.011172446
3797.0,3797.0,0.15126084
3798.0,3798.0,0.017499845
3799.0,3799.0,0.22395635
3800.0,3800.0,0.7183505
3801.0,3801.0,0.42020845
3802.0,3802.0,0.38227874
3803.0,3803.0,0.124164484
3804.0,3804.0,0.23016614
3805.0,3805.0,0.18188384
3806.0,3806.0,0.11232797
3807.0,3807.0,0.7077249
3808.0,3808.0,0.062550135
3809.0,3809.0,2.7887174E-5
3810.0,3810.0,0.59947765
3811.0,3811.0,0.17987372
3812.0,3812.0,0.17587699
3813.0,3813.0,0.20091005
3814.0,3814.0,0.19677633
3815.0,3815.0,0.047941443
3816.0,3816.0,0.10488633
3817.0,3817.0,0.68587077
3818.0,3818.0,0.015280217
3819.0,3819.0,0.027340198
3820.0,3820.0,0.06999474
3821.0,3821.0,0.10874515
3822.0,3822.0,0.04110445
3823.0,3823.0,0.7399135
3824.0,3824.0,0.7624572
3825.0,3825.0,0.086603306
3826.0,3826.0,0.18057613
3827.0,3827.0,0.031831373
3828.0,3828.0,9.7359257E-4
3829.0,3829.0,0.59632355
3830.0,3830.0,0.09322358
3831.0,3831.0,0.04130487
3832.0,3832.0,0.12458384
3833.0,3833.0,0.20929594
3834.0,3834.0,0.0018801992
3835.0,3835.0,0.7541031
3836.0,3836.0,0.45646316
3837.0,3837.0,0.2026837
3838.0,3838.0,0.14562139
3839.0,3839.0,0.2661486
3840.0,3840.0,0.311928
3841.0,3841.0,0.20008865
3842.0,3842.0,0.24123146
3843.0,3843.0,0.061427232
3844.0,3844.0,5.8038335E-4
3845.0,3845.0,0.10917874
3846.0,3846.0,0.09044837
3847.0,3847.0,0.0915407
3848.0,3848.0,0.20028591
3849.0,3849.0,0.010457155
3850.0,3850.0,0.7184571
3851.0,3851.0,0.093133315
3852.0,3852.0,0.073724225
3853.0,3853.0,0.73965544
3854.0,3854.0,0.0806801
3855.0,3855.0,0.36382827
3856.0,3856.0,0.11317988
3857.0,3857.0,0.3083836
3858.0,3858.0,0.017260313
3859.0,3859.0,0.0032167586
3860.0,3860.0,0.008729316
3861.0,3861.0,0.042004544
3862.0,3862.0,0.7020963
3863.0,3863.0,0.088132985
3864.0,3864.0,0.034224782
3865.0,3865.0,0.0074687656
3866.0,3866.0,0.095398866
3867.0,3867.0,0.10379961
3868.0,3868.0,0.18667996
3869.0,3869.0,0.833606
3870.0,3870.0,0.06849282
3871.0,3871.0,0.035428964
3872.0,3872.0,0.7800253
3873.0,3873.0,0.18080907
3874.0,3874.0,0.6458168
3875.0,3875.0,0.16868065
3876.0,3876.0,0.115055956
3877.0,3877.0,0.16557261
3878.0,3878.0,0.04745135
3879.0,3879.0,8.9605885E-5
3880.0,3880.0,0.039766207
3881.0,3881.0,0.08480164
3882.0,3882.0,0.03002206
3883.0,3883.0,0.771395
3884.0,3884.0,0.77497333
3885.0,3885.0,0.7065196
3886.0,3886.0,0.5278664
3887.0,3887.0,0.28399447
3888.0,3888.0,0.283836
3889.0,3889.0,0.061310403
3890.0,3890.0,0.040061157
3891.0,3891.0,0.023349026
3892.0,3892.0,0.083827205
3893.0,3893.0,0.1748206
3894.0,3894.0,0.7462856
3895.0,3895.0,0.14025314
3896.0,3896.0,0.057397716
3897.0,3897.0,0.049149893
3898.0,3898.0,0.09617879
3899.0,3899.0,0.22788566
3900.0,3900.0,0.16090454
3901.0,3901.0,0.6781716
3902.0,3902.0,0.054397713
3903.0,3903.0,0.052418843
3904.0,3904.0,2.4494988E-5
3905.0,3905.0,0.024245292
3906.0,3906.0,0.6052207
3907.0,3907.0,4.645998E-4
3908.0,3908.0,0.25842023
3909.0,3909.0,0.11452195
3910.0,3910.0,5.386583E-4
3911.0,3911.0,0.086834796
3912.0,3912.0,0.061786566
3913.0,3913.0,0.340866
3914.0,3914.0,0.017423337
3915.0,3915.0,0.49392486
3916.0,3916.0,0.054043155
3917.0,3917.0,0.004325436
3918.0,3918.0,0.17682564
3919.0,3919.0,0.29130828
3920.0,3920.0,0.5856541
3921.0,3921.0,0.015255469
3922.0,3922.0,0.07979028
3923.0,3923.0,0.08390547
3924.0,3924.0,0.79879993
3925.0,3925.0,0.056584463
3926.0,3926.0,0.059001815
3927.0,3927.0,0.7427712
3928.0,3928.0,0.7649142
3929.0,3929.0,0.082803205
3930.0,3930.0,0.06998404
3931.0,3931.0,0.7478123
3932.0,3932.0,0.6528166
3933.0,3933.0,0.15952149
3934.0,3934.0,0.7117191
3935.0,3935.0,0.08714052
3936.0,3936.0,0.7481252
3937.0,3937.0,0.11557436
3938.0,3938.0,0.091394216
3939.0,3939.0,0.77068645
3940.0,3940.0,0.07437014
3941.0,3941.0,0.11833873
3942.0,3942.0,0.4162026
3943.0,3943.0,0.022563692
3944.0,3944.0,0.11001836
3945.0,3945.0,3.3939176E-4
3946.0,3946.0,0.10190329
3947.0,3947.0,0.25317127
3948.0,3948.0,0.14073668
3949.0,3949.0,0.07322411
3950.0,3950.0,0.3969762
3951.0,3951.0,0.84946513
3952.0,3952.0,0.105854645
3953.0,3953.0,0.08537715
3954.0,3954.0,0.7732018
3955.0,3955.0,0.045654166
3956.0,3956.0,0.021333348
3957.0,3957.0,0.25130546
3958.0,3958.0,0.13358767
3959.0,3959.0,0.13631323
3960.0,3960.0,0.058429148
3961.0,3961.0,0.07890768
3962.0,3962.0,0.14931716
3963.0,3963.0,0.027793186
3964.0,3964.0,0.3046915
3965.0,3965.0,0.035911545
3966.0,3966.0,0.23072773
3967.0,3967.0,0.030795336
3968.0,3968.0,0.15878636
3969.0,3969.0,0.06807643
3970.0,3970.0,0.72770053
3971.0,3971.0,0.05803522
3972.0,3972.0,0.08887582
3973.0,3973.0,3.766562E-4
3974.0,3974.0,0.04322992
3975.0,3975.0,0.06086756
3976.0,3976.0,0.6990237
3977.0,3977.0,0.045617647
3978.0,3978.0,0.17942017
3979.0,3979.0,0.14807767
3980.0,3980.0,0.0830724
3981.0,3981.0,0.030370068
3982.0,3982.0,0.11560579
3983.0,3983.0,6.927381E-5
3984.0,3984.0,0.09705922
3985.0,3985.0,0.10758229
3986.0,3986.0,0.82325786
3987.0,3987.0,0.14432487
3988.0,3988.0,0.031614367
3989.0,3989.0,0.031290233
3990.0,3990.0,0.3904901
3991.0,3991.0,0.074593626
3992.0,3992.0,0.11566884
3993.0,3993.0,0.04006545
3994.0,3994.0,0.14039198
3995.0,3995.0,5.3064665E-4
3996.0,3996.0,0.7794766
3997.0,3997.0,0.03632262
3998.0,3998.0,0.07214658
3999.0,3999.0,0.04403496
4000.0,4000.0,0.039378602
4001.0,4001.0,0.04683637
4002.0,4002.0,0.045268364
4003.0,4003.0,0.82491463
4004.0,4004.0,0.5283868
4005.0,4005.0,0.09613323
4006.0,4006.0,0.4451656
4007.0,4007.0,0.7891267
4008.0,4008.0,0.04012252
4009.0,4009.0,0.04847061
4010.0,4010.0,0.10061178
4011.0,4011.0,0.22605217
4012.0,4012.0,0.26972258
4013.0,4013.0,0.053519253
4014.0,4014.0,0.020432303
4015.0,4015.0,0.0795807
4016.0,4016.0,0.049141467
4017.0,4017.0,0.0455067
4018.0,4018.0,0.24606648
4019.0,4019.0,4.38844E-4
4020.0,4020.0,0.36527845
4021.0,4021.0,0.7713263
4022.0,4022.0,0.13973446
4023.0,4023.0,0.074259974
4024.0,4024.0,8.678945E-5
4025.0,4025.0,0.27274665
4026.0,4026.0,0.014868638
4027.0,4027.0,0.20656623
4028.0,4028.0,0.12242818
4029.0,4029.0,0.10515067
4030.0,4030.0,0.13426197
4031.0,4031.0,0.11436634
4032.0,4032.0,9.4157533E-4
4033.0,4033.0,0.34730402
4034.0,4034.0,0.041818295
4035.0,4035.0,0.7623444
4036.0,4036.0,0.27579936
4037.0,4037.0,0.05735017
4038.0,4038.0,1.2427729E-4
4039.0,4039.0,0.19309038
4040.0,4040.0,0.71665615
4041.0,4041.0,0.19262579
4042.0,4042.0,1.7114899E-5
4043.0,4043.0,0.005306788
4044.0,4044.0,3.117019E-5
4045.0,4045.0,0.17729221
4046.0,4046.0,0.06860685
4047.0,4047.0,0.06777232
4048.0,4048.0,0.047669932
4049.0,4049.0,0.1206223
4050.0,4050.0,4.6336958E-5
4051.0,4051.0,0.022975244
4052.0,4052.0,0.50207394
4053.0,4053.0,0.3360004
4054.0,4054.0,0.40502512
4055.0,4055.0,0.041726902
4056.0,4056.0,0.80471236
4057.0,4057.0,0.062280357
4058.0,4058.0,0.06398759
4059.0,4059.0,0.7480967
4060.0,4060.0,0.8184485
4061.0,4061.0,0.6824792
4062.0,4062.0,0.7777546
4063.0,4063.0,0.18173589
4064.0,4064.0,0.004635149
4065.0,4065.0,0.71608424
4066.0,4066.0,0.09360756
4067.0,4067.0,0.72226006
4068.0,4068.0,0.060762703
4069.0,4069.0,0.074948356
4070.0,4070.0,0.67457116
4071.0,4071.0,0.05579863
4072.0,4072.0,0.07634117
4073.0,4073.0,0.042973757
4074.0,4074.0,0.6769544
4075.0,4075.0,0.022603044
4076.0,4076.0,0.042423103
4077.0,4077.0,0.4244705
4078.0,4078.0,0.027194416
4079.0,4079.0,0.0011616949
4080.0,4080.0,0.1425731
4081.0,4081.0,7.792878E-6
4082.0,4082.0,0.09145389
4083.0,4083.0,0.18879439
4084.0,4084.0,0.6885941
4085.0,4085.0,0.14229856
4086.0,4086.0,9.3832973E-4
4087.0,4087.0,0.56065595
4088.0,4088.0,0.077116534
4089.0,4089.0,0.09537062
4090.0,4090.0,0.06725359
4091.0,4091.0,0.09426153
4092.0,4092.0,0.008179293
4093.0,4093.0,0.002031671
4094.0,4094.0,0.09667022
4095.0,4095.0,0.11557834
4096.0,4096.0,0.038694166
4097.0,4097.0,0.10247103
4098.0,4098.0,0.676779
4099.0,4099.0,0.096026964
4100.0,4100.0,0.20729087
4101.0,4101.0,0.08724565
4102.0,4102.0,0.018758796
4103.0,4103.0,0.07666787
4104.0,4104.0,0.77314955
4105.0,4105.0,0.0931945
4106.0,4106.0,0.09586636
4107.0,4107.0,0.08244981
4108.0,4108.0,0.30567083
4109.0,4109.0,0.1392478
4110.0,4110.0,0.006693927
4111.0,4111.0,7.184826E-5
4112.0,4112.0,0.22100677
4113.0,4113.0,0.666544
4114.0,4114.0,0.09321277
4115.0,4115.0,0.043004446
4116.0,4116.0,0.07775625
4117.0,4117.0,0.26402843
4118.0,4118.0,0.025236052
4119.0,4119.0,0.0010832106
4120.0,4120.0,9.8248465E-6
4121.0,4121.0,0.15182734
4122.0,4122.0,0.6911504
4123.0,4123.0,0.82604045
4124.0,4124.0,0.10390356
4125.0,4125.0,0.52471644
4126.0,4126.0,0.09726866
4127.0,4127.0,4.0322953E-5
4128.0,4128.0,0.35616228
4129.0,4129.0,0.8070169
4130.0,4130.0,0.13660544
4131.0,4131.0,0.7971192
4132.0,4132.0,2.4637827E-4
4133.0,4133.0,0.066167526
4134.0,4134.0,0.10697519
4135.0,4135.0,0.7439488
4136.0,4136.0,0.053625733
4137.0,4137.0,0.77877855
4138.0,4138.0,0.0042504044
4139.0,4139.0,0.11146004
4140.0,4140.0,0.76051897
4141.0,4141.0,0.26234612
4142.0,4142.0,0.07817373
4143.0,4143.0,0.13425787
4144.0,4144.0,0.08691011
4145.0,4145.0,1.8396951E-5
4146.0,4146.0,0.043648675
4147.0,4147.0,0.048822436
4148.0,4148.0,0.05489599
4149.0,4149.0,0.2793839
4150.0,4150.0,0.13060874
4151.0,4151.0,0.0632147
4152.0,4152.0,7.6288066E-4
4153.0,4153.0,0.03804915
4154.0,4154.0,0.7529198
4155.0,4155.0,0.38970572
4156.0,4156.0,0.13199142
4157.0,4157.0,0.059952393
4158.0,4158.0,0.2771834
4159.0,4159.0,0.31030518
4160.0,4160.0,0.09991699
4161.0,4161.0,0.11494133
4162.0,4162.0,1.08810935E-4
4163.0,4163.0,0.16829
4164.0,4164.0,0.046641108
4165.0,4165.0,9.022856E-6
4166.0,4166.0,0.73843145
4167.0,4167.0,0.06321583
4168.0,4168.0,0.020065628
4169.0,4169.0,2.5163832E-4
4170.0,4170.0,0.14085001
4171.0,4171.0,7.427575E-6
4172.0,4172.0,0.036015518
4173.0,4173.0,0.07638465
4174.0,4174.0,0.11662494
4175.0,4175.0,0.7453979
4176.0,4176.0,0.023688091
4177.0,4177.0,0.497868
4178.0,4178.0,0.11508041
4179.0,4179.0,0.29275814
4180.0,4180.0,0.04369843
4181.0,4181.0,0.79911804
4182.0,4182.0,0.12082749
4183.0,4183.0,0.7468419
4184.0,4184.0,0.64850086
4185.0,4185.0,4.1675047E-4
4186.0,4186.0,0.80451024
4187.0,4187.0,0.7845504
4188.0,4188.0,0.04638727
4189.0,4189.0,0.15934643
4190.0,4190.0,0.12048276
4191.0,4191.0,0.00827753
4192.0,4192.0,0.34861907
4193.0,4193.0,0.05032946
4194.0,4194.0,0.09661438
4195.0,4195.0,6.304569E-5
4196.0,4196.0,0.0028097332
4197.0,4197.0,0.094193116
4198.0,4198.0,0.0529675
4199.0,4199.0,0.2598333
4200.0,4200.0,0.1979469
4201.0,4201.0,0.014732767
4202.0,4202.0,0.10472831
4203.0,4203.0,0.033740673
4204.0,4204.0,1.1100356E-6
4205.0,4205.0,0.7676918
4206.0,4206.0,0.09314735
4207.0,4207.0,0.7252772
4208.0,4208.0,0.7282024
4209.0,4209.0,0.03790385
4210.0,4210.0,0.106798716
4211.0,4211.0,3.2234268E-5
4212.0,4212.0,0.18677598
4213.0,4213.0,0.7507572
4214.0,4214.0,0.07289751
4215.0,4215.0,0.7744581
4216.0,4216.0,0.05440233
4217.0,4217.0,0.009403393
4218.0,4218.0,0.02407707
4219.0,4219.0,0.19214757
4220.0,4220.0,3.7742746E-5
4221.0,4221.0,0.075035155
4222.0,4222.0,0.64619064
4223.0,4223.0,0.04140017
4224.0,4224.0,0.038895994
4225.0,4225.0,0.7332187
4226.0,4226.0,0.04476535
4227.0,4227.0,0.093169406
4228.0,4228.0,0.21683407
4229.0,4229.0,0.49296805
4230.0,4230.0,0.46273226
4231.0,4231.0,0.18266244
4232.0,4232.0,0.1821372
4233.0,4233.0,0.11340062
4234.0,4234.0,0.78
4235.0,4235.0,0.07119717
4236.0,4236.0,0.111888915
4237.0,4237.0,0.31612852
4238.0,4238.0,0.14173284
4239.0,4239.0,0.08897775
4240.0,4240.0,0.109274276
4241.0,4241.0,0.12669897
4242.0,4242.0,0.04801369
4243.0,4243.0,0.09753906
4244.0,4244.0,0.0026258423
4245.0,4245.0,0.05497632
4246.0,4246.0,0.032474536
4247.0,4247.0,2.3147586E-4
4248.0,4248.0,0.10263129
4249.0,4249.0,0.025937615
4250.0,4250.0,0.14770506
4251.0,4251.0,0.15754987
4252.0,4252.0,0.778849
4253.0,4253.0,9.1818953E-4
4254.0,4254.0,0.095829844
4255.0,4255.0,0.08613085
4256.0,4256.0,0.0025734329
4257.0,4257.0,0.19442675
4258.0,4258.0,0.4094556
4259.0,4259.0,0.05832021
4260.0,4260.0,0.08175576
4261.0,4261.0,0.06293157
4262.0,4262.0,0.027382167
4263.0,4263.0,0.0963307
4264.0,4264.0,0.050096747
4265.0,4265.0,0.23827596
4266.0,4266.0,0.78215253
4267.0,4267.0,0.17598775
4268.0,4268.0,0.030625649
4269.0,4269.0,0.63498455
4270.0,4270.0,0.16926607
4271.0,4271.0,0.1344864
4272.0,4272.0,0.13401304
4273.0,4273.0,2.8585726E-5
4274.0,4274.0,0.029498737
4275.0,4275.0,1.4729054E-5
4276.0,4276.0,0.76808846
4277.0,4277.0,0.60808116
4278.0,4278.0,0.13442661
4279.0,4279.0,0.029831566
4280.0,4280.0,0.11659401
4281.0,4281.0,0.045671113
4282.0,4282.0,0.05013166
4283.0,4283.0,0.095667586
4284.0,4284.0,4.1091433E-4
4285.0,4285.0,0.039515898
4286.0,4286.0,0.47537684
4287.0,4287.0,0.7537306
4288.0,4288.0,0.018408973
4289.0,4289.0,0.046552148
4290.0,4290.0,0.09700134
4291.0,4291.0,0.12602653
4292.0,4292.0,0.68740004
4293.0,4293.0,0.06418642
4294.0,4294.0,0.07362275
4295.0,4295.0,0.3377097
4296.0,4296.0,0.28261918
4297.0,4297.0,0.230469
4298.0,4298.0,0.107006155
4299.0,4299.0,1.3302526E-4
4300.0,4300.0,0.0597449
4301.0,4301.0,0.03984325
4302.0,4302.0,0.045378502
4303.0,4303.0,4.543742E-4
4304.0,4304.0,0.16917083
4305.0,4305.0,0.3166356
4306.0,4306.0,0.08497502
4307.0,4307.0,0.06739082
4308.0,4308.0,0.17423901
4309.0,4309.0,0.11087007
4310.0,4310.0,0.74567723
4311.0,4311.0,8.1097256E-5
4312.0,4312.0,0.5676187
4313.0,4313.0,0.77442265
4314.0,4314.0,0.06126959
4315.0,4315.0,0.1780738
4316.0,4316.0,0.11073133
4317.0,4317.0,0.075157076
4318.0,4318.0,0.18427415
4319.0,4319.0,0.58126837
4320.0,4320.0,0.14672749
4321.0,4321.0,1.7839285E-4
4322.0,4322.0,0.0798091
4323.0,4323.0,0.04572056
4324.0,4324.0,0.09725188
4325.0,4325.0,0.74863464
4326.0,4326.0,0.06472913
4327.0,4327.0,0.56641465
4328.0,4328.0,0.10726447
4329.0,4329.0,0.10356442
4330.0,4330.0,0.92125446
4331.0,4331.0,0.11387828
4332.0,4332.0,0.7469915
4333.0,4333.0,0.06009465
4334.0,4334.0,0.07553419
4335.0,4335.0,0.04582144
4336.0,4336.0,0.015743598
4337.0,4337.0,0.12187021
4338.0,4338.0,0.09637687
4339.0,4339.0,0.24508898
4340.0,4340.0,0.023382697
4341.0,4341.0,0.29287598
4342.0,4342.0,0.19884104
4343.0,4343.0,1.1335573E-5
4344.0,4344.0,0.046364494
4345.0,4345.0,0.13375689
4346.0,4346.0,0.018214012
4347.0,4347.0,2.7644754E-4
4348.0,4348.0,0.22599185
4349.0,4349.0,0.13396792
4350.0,4350.0,0.14311422
4351.0,4351.0,0.36113232
4352.0,4352.0,0.08794274
4353.0,4353.0,0.28885707
4354.0,4354.0,0.7105638
4355.0,4355.0,0.021959273
4356.0,4356.0,5.5301352E-5
4357.0,4357.0,0.21390882
4358.0,4358.0,1.15081566E-4
4359.0,4359.0,0.74403054
4360.0,4360.0,0.28817213
4361.0,4361.0,0.12810981
4362.0,4362.0,0.33826807
4363.0,4363.0,0.6610001
4364.0,4364.0,0.012180852
4365.0,4365.0,0.08965696
4366.0,4366.0,0.024596656
4367.0,4367.0,0.046787705
4368.0,4368.0,0.12620844
4369.0,4369.0,0.108896196
4370.0,4370.0,0.090222426
4371.0,4371.0,0.759329
4372.0,4372.0,0.08582304
4373.0,4373.0,0.038968176
4374.0,4374.0,0.0019910287
4375.0,4375.0,0.0745496
4376.0,4376.0,0.069711275
4377.0,4377.0,0.31109196
4378.0,4378.0,0.2483289
4379.0,4379.0,0.09281786
4380.0,4380.0,0.42566693
4381.0,4381.0,0.0024196587
4382.0,4382.0,0.12419072
4383.0,4383.0,0.06495493
4384.0,4384.0,0.004015768
4385.0,4385.0,0.15781736
4386.0,4386.0,0.6340503
4387.0,4387.0,0.3578048
4388.0,4388.0,0.012357379
4389.0,4389.0,0.29294538
4390.0,4390.0,0.6954461
4391.0,4391.0,0.26527578
4392.0,4392.0,0.08254067
4393.0,4393.0,0.37916854
4394.0,4394.0,0.77285206
4395.0,4395.0,0.16158098
4396.0,4396.0,0.04129375
4397.0,4397.0,0.19748016
4398.0,4398.0,0.099691115
4399.0,4399.0,0.6969815
4400.0,4400.0,0.09020783
4401.0,4401.0,0.42505547
4402.0,4402.0,0.08400617
4403.0,4403.0,0.025447315
4404.0,4404.0,0.23075674
4405.0,4405.0,0.84510267
4406.0,4406.0,0.117707215
4407.0,4407.0,0.13180166
4408.0,4408.0,0.005725715
4409.0,4409.0,0.6331378
4410.0,4410.0,0.7184631
4411.0,4411.0,0.11800123
4412.0,4412.0,2.9691384E-4
4413.0,4413.0,0.24647869
4414.0,4414.0,0.11273519
4415.0,4415.0,0.08428138
4416.0,4416.0,0.07465058
4417.0,4417.0,0.043169063
4418.0,4418.0,8.967724E-5
4419.0,4419.0,0.14454184
4420.0,4420.0,0.11970254
4421.0,4421.0,0.30437058
4422.0,4422.0,9.340199E-4
4423.0,4423.0,0.114976965
4424.0,4424.0,0.038148884
4425.0,4425.0,0.08680234
4426.0,4426.0,0.14679514
4427.0,4427.0,0.09971179
4428.0,4428.0,0.04237146
4429.0,4429.0,0.764603
4430.0,4430.0,0.03087762
4431.0,4431.0,0.08119419
4432.0,4432.0,0.13112722
4433.0,4433.0,0.18032968
4434.0,4434.0,0.11334893
4435.0,4435.0,0.0597852
4436.0,4436.0,0.017897213
4437.0,4437.0,0.03976969
4438.0,4438.0,0.08267534
4439.0,4439.0,7.7691046E-4
4440.0,4440.0,0.001048731
4441.0,4441.0,0.0035253614
4442.0,4442.0,0.29866573
4443.0,4443.0,0.048275515
4444.0,4444.0,0.06394402
4445.0,4445.0,4.8634465E-5
4446.0,4446.0,0.18022847
4447.0,4447.0,0.19641323
4448.0,4448.0,0.07994531
4449.0,4449.0,0.0796563
4450.0,4450.0,0.28278002
4451.0,4451.0,0.16795163
4452.0,4452.0,0.012153728
4453.0,4453.0,0.058883302
4454.0,4454.0,6.7279507E-6
4455.0,4455.0,0.20888889
4456.0,4456.0,0.13472046
4457.0,4457.0,0.09696118
4458.0,4458.0,0.11835581
4459.0,4459.0,0.0840252
4460.0,4460.0,0.0020090027
4461.0,4461.0,0.19886252
4462.0,4462.0,0.004064525
4463.0,4463.0,0.103758626
4464.0,4464.0,7.136861E-4
4465.0,4465.0,0.28328115
4466.0,4466.0,0.0011815502
4467.0,4467.0,0.0020059189
4468.0,4468.0,0.2953421
4469.0,4469.0,0.1646391
4470.0,4470.0,0.38222182
4471.0,4471.0,0.09777507
4472.0,4472.0,0.6216957
4473.0,4473.0,0.7157219
4474.0,4474.0,0.0960423
4475.0,4475.0,0.12239417
4476.0,4476.0,0.07545445
4477.0,4477.0,0.06044617
4478.0,4478.0,0.13456185
4479.0,4479.0,0.06342046
4480.0,4480.0,0.6917772
4481.0,4481.0,0.06472026
4482.0,4482.0,0.025139611
4483.0,4483.0,0.77946436
4484.0,4484.0,0.07108297
4485.0,4485.0,0.0010320967
4486.0,4486.0,0.07164204
4487.0,4487.0,0.07193806
4488.0,4488.0,0.06504041
4489.0,4489.0,0.80398005
4490.0,4490.0,0.66673756
4491.0,4491.0,0.0027501655
4492.0,4492.0,0.04425223
4493.0,4493.0,0.25456762
4494.0,4494.0,0.030893635
4495.0,4495.0,0.058433734
4496.0,4496.0,0.11017566
4497.0,4497.0,0.054653484
4498.0,4498.0,0.10665649
4499.0,4499.0,0.09040587
4500.0,4500.0,0.13305785
4501.0,4501.0,0.006272807
4502.0,4502.0,0.030764613
4503.0,4503.0,0.67866933
4504.0,4504.0,0.36909187
4505.0,4505.0,0.065676674
4506.0,4506.0,0.8030162
4507.0,4507.0,0.030896613
4508.0,4508.0,0.02752025
4509.0,4509.0,0.082222424
4510.0,4510.0,2.0132863E-4
4511.0,4511.0,0.08412489
4512.0,4512.0,4.518148E-4
4513.0,4513.0,0.7471822
4514.0,4514.0,0.056667008
4515.0,4515.0,0.8023782
4516.0,4516.0,0.11121662
4517.0,4517.0,0.33368233
4518.0,4518.0,3.1861637E-4
4519.0,4519.0,0.08366202
4520.0,4520.0,0.11296171
4521.0,4521.0,0.117136285
4522.0,4522.0,0.054513697
4523.0,4523.0,0.022687588
4524.0,4524.0,0.08213543
4525.0,4525.0,0.49477282
4526.0,4526.0,0.12830573
4527.0,4527.0,0.070438676
4528.0,4528.0,0.38514766
4529.0,4529.0,0.16386354
4530.0,4530.0,0.03399709
4531.0,4531.0,0.1061808
4532.0,4532.0,0.79425263
4533.0,4533.0,0.38813746
4534.0,4534.0,1.4460561E-5
4535.0,4535.0,0.073383786
4536.0,4536.0,0.20380092
4537.0,4537.0,0.14186703
4538.0,4538.0,0.7679926
4539.0,4539.0,0.6729369
4540.0,4540.0,0.33171135
4541.0,4541.0,0.21715756
4542.0,4542.0,0.088587955
4543.0,4543.0,0.66088426
4544.0,4544.0,0.049957186
4545.0,4545.0,0.09639197
4546.0,4546.0,0.026677374
4547.0,4547.0,0.08473895
4548.0,4548.0,0.0012340609
4549.0,4549.0,0.7471042
4550.0,4550.0,0.0015448747
4551.0,4551.0,0.102794245
4552.0,4552.0,0.4419985
4553.0,4553.0,0.4312131
4554.0,4554.0,0.82682025
4555.0,4555.0,0.7298157
4556.0,4556.0,5.59325E-4
4557.0,4557.0,0.12809055
4558.0,4558.0,0.07007414
4559.0,4559.0,0.0020568438
4560.0,4560.0,0.7236842
4561.0,4561.0,0.5243414
4562.0,4562.0,0.166539
4563.0,4563.0,0.74727756
4564.0,4564.0,1.7295804E-4
4565.0,4565.0,0.3173846
4566.0,4566.0,0.08175378
4567.0,4567.0,0.005011851
4568.0,4568.0,0.05579594
4569.0,4569.0,0.049363334
4570.0,4570.0,0.09328216
4571.0,4571.0,0.16768923
4572.0,4572.0,0.06058765
4573.0,4573.0,0.109476894
4574.0,4574.0,0.17913316
4575.0,4575.0,0.056730997
4576.0,4576.0,0.06481664
4577.0,4577.0,0.04594491
4578.0,4578.0,0.31404215
4579.0,4579.0,0.553187
4580.0,4580.0,0.100068964
4581.0,4581.0,0.25097755
4582.0,4582.0,0.29298607
4583.0,4583.0,0.81489223
4584.0,4584.0,0.17398824
4585.0,4585.0,0.08419549
4586.0,4586.0,0.066686176
4587.0,4587.0,0.01326172
4588.0,4588.0,0.054174833
4589.0,4589.0,0.2102373
4590.0,4590.0,0.31948742
4591.0,4591.0,0.11798456
4592.0,4592.0,0.10164572
4593.0,4593.0,0.17631221
4594.0,4594.0,0.09396391
4595.0,4595.0,0.009185841
4596.0,4596.0,0.10019735
4597.0,4597.0,0.034416422
4598.0,4598.0,0.7467418
4599.0,4599.0,0.08519694
4600.0,4600.0,0.24577016
4601.0,4601.0,0.16757393
4602.0,4602.0,0.77854097
4603.0,4603.0,0.09798768
4604.0,4604.0,7.715379E-4
4605.0,4605.0,0.24639033
4606.0,4606.0,0.07927696
4607.0,4607.0,0.13698094
4608.0,4608.0,0.009362207
4609.0,4609.0,0.1360116
4610.0,4610.0,0.34935176
4611.0,4611.0,0.0059544477
4612.0,4612.0,0.27714154
4613.0,4613.0,0.7314456
4614.0,4614.0,0.11211547
4615.0,4615.0,0.2395735
4616.0,4616.0,0.7795249
4617.0,4617.0,0.0592969
4618.0,4618.0,0.07496532
4619.0,4619.0,0.11755168
4620.0,4620.0,0.054131374
4621.0,4621.0,4.9702317E-5
4622.0,4622.0,0.015367238
4623.0,4623.0,0.1016128
4624.0,4624.0,0.6785473
4625.0,4625.0,0.05549864
4626.0,4626.0,0.102760814
4627.0,4627.0,0.113176726
4628.0,4628.0,0.07651811
4629.0,4629.0,0.0010451506
4630.0,4630.0,0.68011945
4631.0,4631.0,0.09233292
4632.0,4632.0,0.14718124
4633.0,4633.0,0.09069524
4634.0,4634.0,0.353111
4635.0,4635.0,0.25484627
4636.0,4636.0,0.09064936
4637.0,4637.0,6.7160317E-6
4638.0,4638.0,0.22899982
4639.0,4639.0,0.053378873
4640.0,4640.0,0.74036115
4641.0,4641.0,0.7268026
4642.0,4642.0,0.008305815
4643.0,4643.0,0.0017695017
4644.0,4644.0,0.053359397
4645.0,4645.0,0.042081658
4646.0,4646.0,0.26635355
4647.0,4647.0,0.0019276321
4648.0,4648.0,0.45565397
4649.0,4649.0,0.22186254
4650.0,4650.0,0.12373782
4651.0,4651.0,0.0994058
4652.0,4652.0,0.07813688
4653.0,4653.0,0.06464646
4654.0,4654.0,0.08264401
4655.0,4655.0,1.6807724E-5
4656.0,4656.0,0.3818798
4657.0,4657.0,3.7905833E-4
4658.0,4658.0,0.047823418
4659.0,4659.0,0.51460385
4660.0,4660.0,0.15946503
4661.0,4661.0,0.25612044
4662.0,4662.0,0.2588316
4663.0,4663.0,2.0868916E-5
4664.0,4664.0,0.13870573
4665.0,4665.0,0.45191887
4666.0,4666.0,0.0914677
4667.0,4667.0,0.47172397
4668.0,4668.0,0.0044306563
4669.0,4669.0,0.25057146
4670.0,4670.0,5.9416826E-4
4671.0,4671.0,0.028657587
4672.0,4672.0,0.5387583
4673.0,4673.0,0.50362957
4674.0,4674.0,0.13466306
4675.0,4675.0,0.05876271
4676.0,4676.0,0.029261973
4677.0,4677.0,0.1069046
4678.0,4678.0,0.77223885
4679.0,4679.0,0.09906036
4680.0,4680.0,0.7669906
4681.0,4681.0,0.7501983
4682.0,4682.0,0.049365662
4683.0,4683.0,0.19479156
4684.0,4684.0,0.042710584
4685.0,4685.0,0.568106
4686.0,4686.0,0.5263464
4687.0,4687.0,0.79416853
4688.0,4688.0,0.18237944
4689.0,4689.0,0.024719153
4690.0,4690.0,9.956183E-6
4691.0,4691.0,0.2923165
4692.0,4692.0,0.049264986
4693.0,4693.0,0.07309486
4694.0,4694.0,0.08561397
4695.0,4695.0,0.18867266
4696.0,4696.0,0.082223564
4697.0,4697.0,0.7474748
4698.0,4698.0,0.12342315
4699.0,4699.0,0.7917228
4700.0,4700.0,0.15268792
4701.0,4701.0,0.44754225
4702.0,4702.0,0.086643234
4703.0,4703.0,0.17436787
4704.0,4704.0,0.84587836
4705.0,4705.0,5.353355E-5
4706.0,4706.0,0.17749116
4707.0,4707.0,0.12155742
4708.0,4708.0,0.088612296
4709.0,4709.0,0.049975406
4710.0,4710.0,0.10857921
4711.0,4711.0,0.0741428
4712.0,4712.0,0.61184037
4713.0,4713.0,0.048625935
4714.0,4714.0,0.037090033
4715.0,4715.0,0.09174572
4716.0,4716.0,0.18066464
4717.0,4717.0,0.095889695
4718.0,4718.0,0.059772518
4719.0,4719.0,0.19335796
4720.0,4720.0,0.04957031
4721.0,4721.0,0.08530094
4722.0,4722.0,0.09794636
4723.0,4723.0,0.11462935
4724.0,4724.0,0.054979734
4725.0,4725.0,0.16535778
4726.0,4726.0,0.68592894
4727.0,4727.0,0.4006207
4728.0,4728.0,0.25724742
4729.0,4729.0,0.060104154
4730.0,4730.0,0.059918504
4731.0,4731.0,0.26326135
4732.0,4732.0,0.76153165
4733.0,4733.0,0.029767847
4734.0,4734.0,0.45830485
4735.0,4735.0,0.088225774
4736.0,4736.0,3.0306745E-5
4737.0,4737.0,0.1113758
4738.0,4738.0,0.0018242798
4739.0,4739.0,0.52297246
4740.0,4740.0,0.42608464
4741.0,4741.0,0.11924281
4742.0,4742.0,0.10049694
4743.0,4743.0,0.06297189
4744.0,4744.0,0.050569177
4745.0,4745.0,0.088365614
4746.0,4746.0,2.7689882E-6
4747.0,4747.0,0.07695649
4748.0,4748.0,0.13454446
4749.0,4749.0,0.23363797
4750.0,4750.0,0.86803347
4751.0,4751.0,0.12832561
4752.0,4752.0,0.08399964
4753.0,4753.0,0.3809056
4754.0,4754.0,0.10820523
4755.0,4755.0,0.08527936
4756.0,4756.0,0.33595973
4757.0,4757.0,0.0022957511
4758.0,4758.0,0.0678346
4759.0,4759.0,0.050356604
4760.0,4760.0,0.7622708
4761.0,4761.0,0.101129636
4762.0,4762.0,0.066766225
4763.0,4763.0,0.15267363
4764.0,4764.0,1.8335332E-4
4765.0,4765.0,2.6705902E-5
4766.0,4766.0,0.112095125
4767.0,4767.0,0.04380948
4768.0,4768.0,0.40799612
4769.0,4769.0,0.16145825
4770.0,4770.0,0.13053836
4771.0,4771.0,0.12606572
4772.0,4772.0,0.08645091
4773.0,4773.0,0.6554535
4774.0,4774.0,0.056236535
4775.0,4775.0,0.76216584
4776.0,4776.0,2.523874E-4
4777.0,4777.0,0.34322608
4778.0,4778.0,0.033322245
4779.0,4779.0,0.02523694
4780.0,4780.0,0.073688984
4781.0,4781.0,0.07539162
4782.0,4782.0,0.19273438
4783.0,4783.0,0.6896308
4784.0,4784.0,0.052516595
4785.0,4785.0,0.022804601
4786.0,4786.0,0.10797363
4787.0,4787.0,0.16080284
4788.0,4788.0,0.6906293
4789.0,4789.0,0.22028321
4790.0,4790.0,0.081989884
4791.0,4791.0,0.03618769
4792.0,4792.0,0.16581656
4793.0,4793.0,3.8027183E-6
4794.0,4794.0,0.039609265
4795.0,4795.0,0.21403094
4796.0,4796.0,0.16346025
4797.0,4797.0,0.34416837
4798.0,4798.0,0.0592088
4799.0,4799.0,0.09228362
4800.0,4800.0,0.44616032
4801.0,4801.0,1.2188348E-4
4802.0,4802.0,0.10865967
4803.0,4803.0,0.0662531
4804.0,4804.0,0.08191773
4805.0,4805.0,0.7284273
4806.0,4806.0,0.04873631
4807.0,4807.0,0.22195216
4808.0,4808.0,0.18484224
4809.0,4809.0,0.42164078
4810.0,4810.0,7.729671E-5
4811.0,4811.0,0.16842076
4812.0,4812.0,0.21071513
4813.0,4813.0,0.010553497
4814.0,4814.0,0.08847819
4815.0,4815.0,0.44863987
4816.0,4816.0,0.08917159
4817.0,4817.0,0.018079394
4818.0,4818.0,0.0025123283
4819.0,4819.0,0.2638104
4820.0,4820.0,0.038875647
4821.0,4821.0,0.2825736
4822.0,4822.0,0.16436106
4823.0,4823.0,0.03125125
4824.0,4824.0,1.5442526E-4
4825.0,4825.0,0.068824746
4826.0,4826.0,0.3774597
4827.0,4827.0,0.024223138
4828.0,4828.0,0.12506069
4829.0,4829.0,0.12094057
4830.0,4830.0,0.03298168
4831.0,4831.0,0.01987604
4832.0,4832.0,0.4271285
4833.0,4833.0,8.1131275E-6
4834.0,4834.0,0.115782574
4835.0,4835.0,6.335599E-4
4836.0,4836.0,0.011965934
4837.0,4837.0,0.006043859
4838.0,4838.0,0.119063795
4839.0,4839.0,0.68074536
4840.0,4840.0,0.017343441
4841.0,4841.0,0.110373385
4842.0,4842.0,6.1699393E-4
4843.0,4843.0,0.30130726
4844.0,4844.0,0.15813959
4845.0,4845.0,0.045647956
4846.0,4846.0,0.15643874
4847.0,4847.0,0.025700776
4848.0,4848.0,0.11544844
4849.0,4849.0,0.123112746
4850.0,4850.0,0.28619435
4851.0,4851.0,0.08821168
4852.0,4852.0,0.20842765
4853.0,4853.0,0.13049015
4854.0,4854.0,0.12257722
4855.0,4855.0,0.0013320294
4856.0,4856.0,0.06088296
4857.0,4857.0,9.55766E-5
4858.0,4858.0,0.07041169
4859.0,4859.0,0.049945045
4860.0,4860.0,0.40699062
4861.0,4861.0,0.0050280723
4862.0,4862.0,0.07702061
4863.0,4863.0,0.18543492
4864.0,4864.0,0.21040958
4865.0,4865.0,0.04536657
4866.0,4866.0,0.36750835
4867.0,4867.0,0.26458335
4868.0,4868.0,0.06604944
4869.0,4869.0,8.006435E-6
4870.0,4870.0,0.76913345
4871.0,4871.0,0.32412
4872.0,4872.0,0.26184866
4873.0,4873.0,1.6806533E-5
4874.0,4874.0,0.08888219
4875.0,4875.0,3.5000772E-5
4876.0,4876.0,0.09735963
4877.0,4877.0,0.038537897
4878.0,4878.0,0.13955075
4879.0,4879.0,0.01711668
4880.0,4880.0,0.06820469
4881.0,4881.0,0.6141615
4882.0,4882.0,0.14066434
4883.0,4883.0,0.1751566
4884.0,4884.0,0.09828141
4885.0,4885.0,0.8301109
4886.0,4886.0,0.7301204
4887.0,4887.0,1.5740072E-5
4888.0,4888.0,0.33465168
4889.0,4889.0,0.06393756
4890.0,4890.0,0.7412686
4891.0,4891.0,0.059898615
4892.0,4892.0,0.21041948
4893.0,4893.0,0.106488116
4894.0,4894.0,0.3993732
4895.0,4895.0,0.12208843
4896.0,4896.0,0.075800344
4897.0,4897.0,0.780318
4898.0,4898.0,0.09977139
4899.0,4899.0,0.42234457
4900.0,4900.0,0.25024554
4901.0,4901.0,0.39804882
4902.0,4902.0,0.10562375
4903.0,4903.0,0.01568069
4904.0,4904.0,0.035653844
4905.0,4905.0,0.04199083
4906.0,4906.0,0.07048353
4907.0,4907.0,0.16458063
4908.0,4908.0,0.0023325863
4909.0,4909.0,0.14459305
4910.0,4910.0,1.0581177E-5
4911.0,4911.0,0.1433793
4912.0,4912.0,0.5723541
4913.0,4913.0,0.09692138
4914.0,4914.0,0.71510655
4915.0,4915.0,0.10617267
4916.0,4916.0,0.2422041
4917.0,4917.0,0.29108945
4918.0,4918.0,2.0977258E-4
4919.0,4919.0,0.03199411
4920.0,4920.0,0.7384221
4921.0,4921.0,0.7772692
4922.0,4922.0,0.59271276
4923.0,4923.0,0.10817688
4924.0,4924.0,0.038291823
4925.0,4925.0,0.21906851
4926.0,4926.0,0.0029493882
4927.0,4927.0,0.35152277
4928.0,4928.0,0.026206551
4929.0,4929.0,0.20313486
4930.0,4930.0,0.36486048
4931.0,4931.0,0.1105602
4932.0,4932.0,0.758077
4933.0,4933.0,0.18326133
4934.0,4934.0,0.06099974
4935.0,4935.0,0.70766693
4936.0,4936.0,0.70739627
4937.0,4937.0,0.22654545
4938.0,4938.0,0.85220444
4939.0,4939.0,0.17278406
4940.0,4940.0,0.08645576
4941.0,4941.0,0.050007787
4942.0,4942.0,0.11587326
4943.0,4943.0,0.091597326
4944.0,4944.0,0.64396054
4945.0,4945.0,0.22325419
4946.0,4946.0,0.7514545
4947.0,4947.0,0.15187788
4948.0,4948.0,0.023260454
4949.0,4949.0,0.07115348
4950.0,4950.0,0.099698186
4951.0,4951.0,0.058133893
4952.0,4952.0,0.15983364
4953.0,4953.0,0.39950904
4954.0,4954.0,9.3990944E-5
4955.0,4955.0,0.060574155
4956.0,4956.0,0.1484209
4957.0,4957.0,0.036833655
4958.0,4958.0,0.17472538
4959.0,4959.0,0.34193048
4960.0,4960.0,0.6627114
4961.0,4961.0,0.11635236
4962.0,4962.0,0.2929458
4963.0,4963.0,0.0040350338
4964.0,4964.0,0.63839275
4965.0,4965.0,0.00930223
4966.0,4966.0,0.007706376
4967.0,4967.0,0.09811205
4968.0,4968.0,0.4415275
4969.0,4969.0,0.15459466
4970.0,4970.0,0.7527511
4971.0,4971.0,0.03968346
4972.0,4972.0,0.06976214
4973.0,4973.0,0.08884579
4974.0,4974.0,0.017000735
4975.0,4975.0,0.11986852
4976.0,4976.0,0.40523586
4977.0,4977.0,0.08469403
4978.0,4978.0,0.16286904
4979.0,4979.0,0.15010439
4980.0,4980.0,0.40807438
4981.0,4981.0,2.7966796E-4
4982.0,4982.0,0.21313547
4983.0,4983.0,0.70376015
4984.0,4984.0,0.038484924
4985.0,4985.0,0.0014675132
4986.0,4986.0,0.42973363
4987.0,4987.0,0.029940618
4988.0,4988.0,0.81226
4989.0,4989.0,0.10851759
4990.0,4990.0,0.035913188
4991.0,4991.0,2.9987197E-5
4992.0,4992.0,0.07345501
4993.0,4993.0,0.08205122
4994.0,4994.0,0.08768573
4995.0,4995.0,0.12290854
4996.0,4996.0,0.027012307
4997.0,4997.0,0.6940632
4998.0,4998.0,0.07052241
4999.0,4999.0,0.071875274
5000.0,5000.0,0.44572404
5001.0,5001.0,0.060044803
5002.0,5002.0,7.654311E-6
5003.0,5003.0,0.11044565
5004.0,5004.0,0.16975704
5005.0,5005.0,0.091569915
5006.0,5006.0,0.07721593
5007.0,5007.0,0.0045732046
5008.0,5008.0,1.1282377E-4
5009.0,5009.0,0.0063045532
5010.0,5010.0,0.5808852
5011.0,5011.0,0.22524133
5012.0,5012.0,0.038517535
5013.0,5013.0,1.7317657E-4
5014.0,5014.0,0.27424958
5015.0,5015.0,1.2142395E-5
5016.0,5016.0,0.040725138
5017.0,5017.0,0.013909112
5018.0,5018.0,0.05826666
5019.0,5019.0,0.09290827
5020.0,5020.0,0.0069466215
5021.0,5021.0,0.07415442
5022.0,5022.0,3.1240368E-5
5023.0,5023.0,0.050312214
5024.0,5024.0,0.037864115
5025.0,5025.0,0.08062042
5026.0,5026.0,0.024031185
5027.0,5027.0,0.013768277
5028.0,5028.0,0.059670996
5029.0,5029.0,0.059985954
5030.0,5030.0,0.040316466
5031.0,5031.0,0.12578048
5032.0,5032.0,0.051029887
5033.0,5033.0,0.7431728
5034.0,5034.0,0.043277733
5035.0,5035.0,0.8246266
5036.0,5036.0,0.28070527
5037.0,5037.0,0.8653535
5038.0,5038.0,0.08725651
5039.0,5039.0,0.093324214
5040.0,5040.0,0.7234219
5041.0,5041.0,0.23020525
5042.0,5042.0,0.0048686652
5043.0,5043.0,0.10557634
5044.0,5044.0,0.046924535
5045.0,5045.0,0.06323613
5046.0,5046.0,0.12869693
5047.0,5047.0,0.5049742
5048.0,5048.0,0.09037474
5049.0,5049.0,0.06850199
5050.0,5050.0,0.1820637
5051.0,5051.0,0.57880795
5052.0,5052.0,0.10561837
5053.0,5053.0,0.13237368
5054.0,5054.0,0.042337824
5055.0,5055.0,0.13815877
5056.0,5056.0,0.24874407
5057.0,5057.0,0.16218519
5058.0,5058.0,0.056650575
5059.0,5059.0,0.17310344
5060.0,5060.0,0.6624388
5061.0,5061.0,0.0038762565
5062.0,5062.0,7.99251E-5
5063.0,5063.0,0.36343923
5064.0,5064.0,0.09404062
5065.0,5065.0,0.623824
5066.0,5066.0,0.3546154
5067.0,5067.0,0.1082714
5068.0,5068.0,1.1782391E-4
5069.0,5069.0,0.065707296
5070.0,5070.0,0.09323786
5071.0,5071.0,0.86339444
5072.0,5072.0,0.06033117
5073.0,5073.0,0.6821139
5074.0,5074.0,0.04912503
5075.0,5075.0,0.1780438
5076.0,5076.0,0.04106694
5077.0,5077.0,0.26853722
5078.0,5078.0,0.06833078
5079.0,5079.0,0.6708777
5080.0,5080.0,0.09311925
5081.0,5081.0,0.7451731
5082.0,5082.0,0.091245405
5083.0,5083.0,0.3026733
5084.0,5084.0,0.030454995
5085.0,5085.0,3.0079364E-6
5086.0,5086.0,0.70407426
5087.0,5087.0,0.06490082
5088.0,5088.0,0.3376452
5089.0,5089.0,0.06661135
5090.0,5090.0,0.55799735
5091.0,5091.0,2.281039E-4
5092.0,5092.0,0.15157282
5093.0,5093.0,0.15520096
5094.0,5094.0,0.083054364
5095.0,5095.0,0.08722137
5096.0,5096.0,0.367715
5097.0,5097.0,0.58808625
5098.0,5098.0,0.06548409
5099.0,5099.0,0.11491011
5100.0,5100.0,0.741535
5101.0,5101.0,0.097469166
5102.0,5102.0,0.028287148
5103.0,5103.0,0.046431124
5104.0,5104.0,0.22270134
5105.0,5105.0,0.10946909
5106.0,5106.0,0.7483628
5107.0,5107.0,0.12795296
5108.0,5108.0,0.2781906
5109.0,5109.0,0.0024550343
5110.0,5110.0,0.0025404273
5111.0,5111.0,0.009344421
5112.0,5112.0,0.69314486
5113.0,5113.0,0.06579509
5114.0,5114.0,0.55892956
5115.0,5115.0,0.021389434
5116.0,5116.0,0.6601708
5117.0,5117.0,0.59249765
5118.0,5118.0,0.05574767
5119.0,5119.0,0.003551569
5120.0,5120.0,0.29976612
5121.0,5121.0,0.08989907
5122.0,5122.0,0.26000983
5123.0,5123.0,0.036390185
5124.0,5124.0,0.06046346
5125.0,5125.0,0.042286545
5126.0,5126.0,0.25444442
5127.0,5127.0,0.028407421
5128.0,5128.0,0.24329102
5129.0,5129.0,0.17128071
5130.0,5130.0,0.13165699
5131.0,5131.0,0.8174845
5132.0,5132.0,0.30725297
5133.0,5133.0,0.7775177
5134.0,5134.0,0.03182499
5135.0,5135.0,0.8176513
5136.0,5136.0,0.18852873
5137.0,5137.0,9.54858E-4
5138.0,5138.0,9.5504465E-6
5139.0,5139.0,0.15869498
5140.0,5140.0,0.0750988
5141.0,5141.0,0.6508551
5142.0,5142.0,0.06730998
5143.0,5143.0,0.008658709
5144.0,5144.0,0.06990155
5145.0,5145.0,1.9512867E-5
5146.0,5146.0,0.7089564
5147.0,5147.0,0.8455576
5148.0,5148.0,0.85111755
5149.0,5149.0,0.07496723
5150.0,5150.0,0.09618065
5151.0,5151.0,0.07780841
5152.0,5152.0,0.18870044
5153.0,5153.0,0.037095625
5154.0,5154.0,0.70354056
5155.0,5155.0,0.0019610915
5156.0,5156.0,0.7402409
5157.0,5157.0,0.7543399
5158.0,5158.0,0.090427004
5159.0,5159.0,0.12667051
5160.0,5160.0,0.70255065
5161.0,5161.0,0.06528075
5162.0,5162.0,0.0046995915
5163.0,5163.0,0.065378584
5164.0,5164.0,0.0721688
5165.0,5165.0,0.7986575
5166.0,5166.0,0.7238686
5167.0,5167.0,0.75583017
5168.0,5168.0,0.18870164
5169.0,5169.0,0.17502481
5170.0,5170.0,0.09409126
5171.0,5171.0,0.3718026
5172.0,5172.0,0.14927053
5173.0,5173.0,0.036530204
5174.0,5174.0,0.23290254
5175.0,5175.0,0.7699118
5176.0,5176.0,0.06312232
5177.0,5177.0,0.43374792
5178.0,5178.0,0.040976718
5179.0,5179.0,0.057062592
5180.0,5180.0,0.05510481
5181.0,5181.0,0.21418211
5182.0,5182.0,0.047185972
5183.0,5183.0,0.1397568
5184.0,5184.0,0.36011124
5185.0,5185.0,0.03685778
5186.0,5186.0,0.48842406
5187.0,5187.0,0.13272443
5188.0,5188.0,0.1369656
5189.0,5189.0,0.7339266
5190.0,5190.0,0.060247164
5191.0,5191.0,0.029770324
5192.0,5192.0,0.03940814
5193.0,5193.0,0.07868943
5194.0,5194.0,0.8234089
5195.0,5195.0,1.3329471E-4
5196.0,5196.0,0.11106049
5197.0,5197.0,1.5441666E-4
5198.0,5198.0,0.6684381
5199.0,5199.0,0.09682646
5200.0,5200.0,0.05497428
5201.0,5201.0,0.028259283
5202.0,5202.0,0.7673396
5203.0,5203.0,0.08846853
5204.0,5204.0,0.001253418
5205.0,5205.0,0.1318287
5206.0,5206.0,0.31261536
5207.0,5207.0,0.011554901
5208.0,5208.0,0.08204917
5209.0,5209.0,0.10878634
5210.0,5210.0,0.077654384
5211.0,5211.0,0.5824794
5212.0,5212.0,0.21753272
5213.0,5213.0,0.15831445
5214.0,5214.0,0.6050154
5215.0,5215.0,0.72921115
5216.0,5216.0,0.7271385
5217.0,5217.0,0.06888832
5218.0,5218.0,0.13085668
5219.0,5219.0,0.32077473
5220.0,5220.0,0.25802624
5221.0,5221.0,0.097022206
5222.0,5222.0,0.042853348
5223.0,5223.0,0.077442504
5224.0,5224.0,0.62574846
5225.0,5225.0,0.110206775
5226.0,5226.0,0.7299058
5227.0,5227.0,0.25059938
5228.0,5228.0,5.6731823E-4
5229.0,5229.0,0.0039188736
5230.0,5230.0,0.04318336
5231.0,5231.0,0.52399296
5232.0,5232.0,0.0064567924
5233.0,5233.0,0.31275955
5234.0,5234.0,0.4249642
5235.0,5235.0,0.005955026
5236.0,5236.0,7.061412E-5
5237.0,5237.0,0.07301702
5238.0,5238.0,0.5401695
5239.0,5239.0,0.07039592
5240.0,5240.0,0.89365005
5241.0,5241.0,0.0991874
5242.0,5242.0,0.7016843
5243.0,5243.0,0.7308901
5244.0,5244.0,0.42555913
5245.0,5245.0,0.7895959
5246.0,5246.0,0.3598794
5247.0,5247.0,0.1067636
5248.0,5248.0,0.02576959
5249.0,5249.0,0.7882585
5250.0,5250.0,0.11894479
5251.0,5251.0,0.12799683
5252.0,5252.0,0.17450012
5253.0,5253.0,0.7965197
5254.0,5254.0,0.15885717
5255.0,5255.0,0.7565882
5256.0,5256.0,0.06282736
5257.0,5257.0,0.15501158
5258.0,5258.0,3.7282147E-4
5259.0,5259.0,0.15096778
5260.0,5260.0,0.17393398
5261.0,5261.0,0.3221099
5262.0,5262.0,0.088480964
5263.0,5263.0,0.07146476
5264.0,5264.0,0.0701787
5265.0,5265.0,0.042574413
5266.0,5266.0,0.12422341
5267.0,5267.0,0.09636231
5268.0,5268.0,0.17705142
5269.0,5269.0,1.0645033E-4
5270.0,5270.0,0.048148233
5271.0,5271.0,0.058040842
5272.0,5272.0,1.3916306E-5
5273.0,5273.0,0.223863
5274.0,5274.0,0.046235558
5275.0,5275.0,0.087703414
5276.0,5276.0,0.27237964
5277.0,5277.0,0.13141654
5278.0,5278.0,0.013712626
5279.0,5279.0,0.77746564
5280.0,5280.0,0.054806683
5281.0,5281.0,0.099975765
5282.0,5282.0,0.07116394
5283.0,5283.0,0.08734165
5284.0,5284.0,0.030323636
5285.0,5285.0,0.08250652
5286.0,5286.0,0.30893335
5287.0,5287.0,0.09147763
5288.0,5288.0,0.04250872
5289.0,5289.0,0.13615371
5290.0,5290.0,0.09439674
5291.0,5291.0,0.7195749
5292.0,5292.0,0.08319361
5293.0,5293.0,0.06530065
5294.0,5294.0,0.1687476
5295.0,5295.0,0.12733236
5296.0,5296.0,0.02642542
5297.0,5297.0,0.07657736
5298.0,5298.0,0.18693082
5299.0,5299.0,0.02982453
5300.0,5300.0,3.5257929E-4
5301.0,5301.0,0.07117849
5302.0,5302.0,0.026827779
5303.0,5303.0,0.29831997
5304.0,5304.0,0.08981388
5305.0,5305.0,0.052423194
5306.0,5306.0,0.12142215
5307.0,5307.0,0.08964043
5308.0,5308.0,0.0399735
5309.0,5309.0,0.2279449
5310.0,5310.0,0.16172227
5311.0,5311.0,1.0402594E-4
5312.0,5312.0,0.04384838
5313.0,5313.0,0.024884773
5314.0,5314.0,0.543138
5315.0,5315.0,0.090557545
5316.0,5316.0,0.012380095
5317.0,5317.0,0.7277043
5318.0,5318.0,0.25486863
5319.0,5319.0,0.2715112
5320.0,5320.0,0.8236765
5321.0,5321.0,0.032858737
5322.0,5322.0,0.68486166
5323.0,5323.0,0.13914372
5324.0,5324.0,0.6401827
5325.0,5325.0,8.5943314E-4
5326.0,5326.0,0.13919
5327.0,5327.0,0.7270526
5328.0,5328.0,0.778836
5329.0,5329.0,0.49037412
5330.0,5330.0,0.7824674
5331.0,5331.0,0.074571796
5332.0,5332.0,0.113083296
5333.0,5333.0,0.04157786
5334.0,5334.0,0.09160612
5335.0,5335.0,0.4360286
5336.0,5336.0,0.073995546
5337.0,5337.0,0.12029291
5338.0,5338.0,0.12505652
5339.0,5339.0,1.9147305E-4
5340.0,5340.0,1.418255E-5
5341.0,5341.0,0.49032003
5342.0,5342.0,0.08803803
5343.0,5343.0,2.8667145E-4
5344.0,5344.0,1.5513877E-5
5345.0,5345.0,1.8008034E-4
5346.0,5346.0,0.44981065
5347.0,5347.0,0.13603088
5348.0,5348.0,0.3837136
5349.0,5349.0,0.0715181
5350.0,5350.0,0.7493189
5351.0,5351.0,1.003741E-5
5352.0,5352.0,0.09782016
5353.0,5353.0,0.5811829
5354.0,5354.0,0.18238217
5355.0,5355.0,0.8394636
5356.0,5356.0,0.15244637
5357.0,5357.0,0.14624563
5358.0,5358.0,0.17993076
5359.0,5359.0,0.0042115683
5360.0,5360.0,0.07839596
5361.0,5361.0,0.16212438
5362.0,5362.0,0.07289421
5363.0,5363.0,0.025463652
5364.0,5364.0,0.07353852
5365.0,5365.0,0.1235035
5366.0,5366.0,0.055614565
5367.0,5367.0,0.019182682
5368.0,5368.0,0.15349187
5369.0,5369.0,0.169341
5370.0,5370.0,0.1025633
5371.0,5371.0,0.8182944
5372.0,5372.0,0.09492711
5373.0,5373.0,0.037484314
5374.0,5374.0,0.7746336
5375.0,5375.0,0.24029708
5376.0,5376.0,0.118163094
5377.0,5377.0,0.80791163
5378.0,5378.0,0.52786976
5379.0,5379.0,0.71888834
5380.0,5380.0,0.044900548
5381.0,5381.0,0.038971167
5382.0,5382.0,0.12031278
5383.0,5383.0,0.015825579
5384.0,5384.0,0.021368166
5385.0,5385.0,0.22235674
5386.0,5386.0,0.139629
5387.0,5387.0,0.17802054
5388.0,5388.0,1.1703605E-4
5389.0,5389.0,0.057744894
5390.0,5390.0,0.11612057
5391.0,5391.0,0.08374723
5392.0,5392.0,0.033820797
5393.0,5393.0,0.11353138
5394.0,5394.0,0.06557349
5395.0,5395.0,0.15223762
5396.0,5396.0,0.070355825
5397.0,5397.0,0.05758004
5398.0,5398.0,0.18609314
5399.0,5399.0,0.78349465
5400.0,5400.0,7.504036E-6
5401.0,5401.0,0.81321466
5402.0,5402.0,0.2968002
5403.0,5403.0,0.008549945
5404.0,5404.0,0.09639866
5405.0,5405.0,0.24197474
5406.0,5406.0,0.002679751
5407.0,5407.0,0.034428064
5408.0,5408.0,0.1265
5409.0,5409.0,0.13813518
5410.0,5410.0,0.41200197
5411.0,5411.0,0.7741202
5412.0,5412.0,0.0015314394
5413.0,5413.0,6.109644E-5
5414.0,5414.0,0.05712625
5415.0,5415.0,0.40318677
5416.0,5416.0,0.038532473
5417.0,5417.0,0.78159755
5418.0,5418.0,0.0658382
5419.0,5419.0,0.04264468
5420.0,5420.0,0.33248428
5421.0,5421.0,0.04501965
5422.0,5422.0,0.016260555
5423.0,5423.0,2.6147634E-5
5424.0,5424.0,0.06523941
5425.0,5425.0,0.17434841
5426.0,5426.0,0.096272044
5427.0,5427.0,0.08377835
5428.0,5428.0,0.7692632
5429.0,5429.0,0.15418579
5430.0,5430.0,0.11706589
5431.0,5431.0,0.124397315
5432.0,5432.0,1.3033981E-5
5433.0,5433.0,0.0154252155
5434.0,5434.0,0.044601776
5435.0,5435.0,0.15411204
5436.0,5436.0,0.058590714
5437.0,5437.0,0.2561918
5438.0,5438.0,0.088224865
5439.0,5439.0,0.24908885
5440.0,5440.0,0.3043435
5441.0,5441.0,0.75476015
5442.0,5442.0,0.10852295
5443.0,5443.0,0.060646635
5444.0,5444.0,0.121008106
5445.0,5445.0,0.09632276
5446.0,5446.0,0.12073514
5447.0,5447.0,0.09847208
5448.0,5448.0,0.24245976
5449.0,5449.0,0.114062965
5450.0,5450.0,0.07650948
5451.0,5451.0,0.12326128
5452.0,5452.0,0.51838005
5453.0,5453.0,0.7414281
5454.0,5454.0,0.36143714
5455.0,5455.0,0.09615185
5456.0,5456.0,0.7707704
5457.0,5457.0,0.10690253
5458.0,5458.0,0.10194606
5459.0,5459.0,0.2014
5460.0,5460.0,0.6112514
5461.0,5461.0,2.3729703E-5
5462.0,5462.0,0.19571939
5463.0,5463.0,0.083048195
5464.0,5464.0,3.4627385E-4
5465.0,5465.0,0.08059543
5466.0,5466.0,4.3656857E-4
5467.0,5467.0,4.3833384E-4
5468.0,5468.0,0.20080891
5469.0,5469.0,0.20296125
5470.0,5470.0,0.14607076
5471.0,5471.0,5.0730173E-6
5472.0,5472.0,0.05121725
5473.0,5473.0,0.11178143
5474.0,5474.0,0.113747224
5475.0,5475.0,0.43964794
5476.0,5476.0,0.08235558
5477.0,5477.0,0.05291797
5478.0,5478.0,0.71900797
5479.0,5479.0,0.07092194
5480.0,5480.0,0.06204203
5481.0,5481.0,0.099420235
5482.0,5482.0,0.036361624
5483.0,5483.0,0.19653834
5484.0,5484.0,0.093944766
5485.0,5485.0,0.11156234
5486.0,5486.0,0.15209097
5487.0,5487.0,0.19957781
5488.0,5488.0,0.050659947
5489.0,5489.0,0.06537647
5490.0,5490.0,0.67612445
5491.0,5491.0,0.07617317
5492.0,5492.0,0.10059591
5493.0,5493.0,5.2511838E-5
5494.0,5494.0,0.08918475
5495.0,5495.0,0.05239507
5496.0,5496.0,1.3725762E-4
5497.0,5497.0,0.038900744
5498.0,5498.0,0.063003145
5499.0,5499.0,0.033469364
5500.0,5500.0,0.28837943
5501.0,5501.0,0.07559376
5502.0,5502.0,0.25068402
5503.0,5503.0,0.16297702
5504.0,5504.0,0.15783295
5505.0,5505.0,0.061044168
5506.0,5506.0,5.5760873E-5
5507.0,5507.0,0.25743556
5508.0,5508.0,0.05714564
5509.0,5509.0,0.23990346
5510.0,5510.0,0.07837316
5511.0,5511.0,0.2105018
5512.0,5512.0,0.028096464
5513.0,5513.0,0.03889285
5514.0,5514.0,0.060893875
5515.0,5515.0,0.08983785
5516.0,5516.0,0.7123169
5517.0,5517.0,0.59807163
5518.0,5518.0,8.151846E-4
5519.0,5519.0,0.10126168
5520.0,5520.0,0.36788607
5521.0,5521.0,0.08689545
5522.0,5522.0,0.080127835
5523.0,5523.0,0.7208696
5524.0,5524.0,0.09617374
5525.0,5525.0,0.053347304
5526.0,5526.0,0.29627895
5527.0,5527.0,0.76579607
5528.0,5528.0,0.115557745
5529.0,5529.0,0.2402112
5530.0,5530.0,0.07711891
5531.0,5531.0,0.3765019
5532.0,5532.0,0.024079083
5533.0,5533.0,0.7120402
5534.0,5534.0,4.0360383E-6
5535.0,5535.0,0.67451155
5536.0,5536.0,0.008346655
5537.0,5537.0,0.6252198
5538.0,5538.0,0.009572248
5539.0,5539.0,0.14040525
5540.0,5540.0,0.5695784
5541.0,5541.0,7.699143E-6
5542.0,5542.0,1.01868274E-4
5543.0,5543.0,0.06572901
5544.0,5544.0,0.24675454
5545.0,5545.0,0.10988017
5546.0,5546.0,0.07786127
5547.0,5547.0,0.05753388
5548.0,5548.0,0.21517442
5549.0,5549.0,0.14936514
5550.0,5550.0,0.06300657
5551.0,5551.0,0.33260566
5552.0,5552.0,0.7716717
5553.0,5553.0,0.37938416
5554.0,5554.0,0.19305968
5555.0,5555.0,1.6526661E-6
5556.0,5556.0,0.094671614
5557.0,5557.0,0.36859524
5558.0,5558.0,0.08333103
5559.0,5559.0,0.61467755
5560.0,5560.0,0.17587511
5561.0,5561.0,0.09047184
5562.0,5562.0,0.27257797
5563.0,5563.0,0.027071929
5564.0,5564.0,0.13947426
5565.0,5565.0,3.8536484E-4
5566.0,5566.0,0.16808335
5567.0,5567.0,0.004763057
5568.0,5568.0,0.089196384
5569.0,5569.0,0.092964515
5570.0,5570.0,0.11183098
5571.0,5571.0,0.032227058
5572.0,5572.0,0.80777967
5573.0,5573.0,0.13608287
5574.0,5574.0,0.065117046
5575.0,5575.0,0.02200855
5576.0,5576.0,0.13330045
5577.0,5577.0,0.27654833
5578.0,5578.0,0.4807453
5579.0,5579.0,0.16179726
5580.0,5580.0,0.4464733
5581.0,5581.0,0.0024830247
5582.0,5582.0,0.6799456
5583.0,5583.0,0.023707325
5584.0,5584.0,0.033358045
5585.0,5585.0,0.091275856
5586.0,5586.0,0.32276154
5587.0,5587.0,0.08623791
5588.0,5588.0,0.09378634
5589.0,5589.0,0.011527196
5590.0,5590.0,0.10659986
5591.0,5591.0,0.046905737
5592.0,5592.0,7.426044E-5
5593.0,5593.0,0.09457931
5594.0,5594.0,0.23771271
5595.0,5595.0,0.21194626
5596.0,5596.0,0.06616109
5597.0,5597.0,0.026034499
5598.0,5598.0,0.6911118
5599.0,5599.0,0.07453666
5600.0,5600.0,0.20997813
5601.0,5601.0,0.19303834
5602.0,5602.0,0.045874067
5603.0,5603.0,0.01847738
5604.0,5604.0,0.10519938
5605.0,5605.0,0.048936192
5606.0,5606.0,0.07549619
5607.0,5607.0,0.7441154
5608.0,5608.0,0.089043394
5609.0,5609.0,0.7278873
5610.0,5610.0,0.75266945
5611.0,5611.0,0.17143072
5612.0,5612.0,0.046251893
5613.0,5613.0,0.17950886
5614.0,5614.0,0.2705217
5615.0,5615.0,0.020293256
5616.0,5616.0,0.09309185
5617.0,5617.0,0.069621734
5618.0,5618.0,0.64932436
5619.0,5619.0,0.3840306
5620.0,5620.0,0.55805403
5621.0,5621.0,0.14970744
5622.0,5622.0,0.003326213
5623.0,5623.0,0.06023341
5624.0,5624.0,0.026290078
5625.0,5625.0,0.030344034
5626.0,5626.0,0.90967137
5627.0,5627.0,0.0014421805
5628.0,5628.0,0.19871937
5629.0,5629.0,0.11608654
5630.0,5630.0,0.17666356
5631.0,5631.0,0.76426524
5632.0,5632.0,0.10093048
5633.0,5633.0,0.040037822
5634.0,5634.0,0.0016705586
5635.0,5635.0,0.075836405
5636.0,5636.0,0.08638462
5637.0,5637.0,0.006036597
5638.0,5638.0,0.39224407
5639.0,5639.0,0.79305285
5640.0,5640.0,1.3172673E-5
5641.0,5641.0,0.004295702
5642.0,5642.0,1.2362112E-4
5643.0,5643.0,0.7754116
5644.0,5644.0,0.11651523
5645.0,5645.0,0.060104243
5646.0,5646.0,0.032964267
5647.0,5647.0,0.08300945
5648.0,5648.0,0.6844411
5649.0,5649.0,0.13238226
5650.0,5650.0,0.07068199
5651.0,5651.0,0.15542403
5652.0,5652.0,0.7582177
5653.0,5653.0,6.970722E-4
5654.0,5654.0,0.0724972
5655.0,5655.0,0.0765848
5656.0,5656.0,0.08758597
5657.0,5657.0,0.7556137
5658.0,5658.0,0.82580173
5659.0,5659.0,0.051604517
5660.0,5660.0,0.76012325
5661.0,5661.0,1.0667686E-4
5662.0,5662.0,0.7454019
5663.0,5663.0,0.06948121
5664.0,5664.0,0.048756678
5665.0,5665.0,0.27303407
5666.0,5666.0,0.107027344
5667.0,5667.0,1.4519438E-4
5668.0,5668.0,0.18210977
5669.0,5669.0,0.7271753
5670.0,5670.0,0.77459145
5671.0,5671.0,0.049916364
5672.0,5672.0,0.756873
5673.0,5673.0,0.6435455
5674.0,5674.0,0.37753853
5675.0,5675.0,0.075963
5676.0,5676.0,0.10533748
5677.0,5677.0,2.6738356E-4
5678.0,5678.0,0.0022174944
5679.0,5679.0,0.0043535447
5680.0,5680.0,0.06016754
5681.0,5681.0,0.048840534
5682.0,5682.0,0.2156957
5683.0,5683.0,0.67493165
5684.0,5684.0,0.15207353
5685.0,5685.0,0.0033366121
5686.0,5686.0,0.14546444
5687.0,5687.0,0.66769093
5688.0,5688.0,0.20123428
5689.0,5689.0,0.06792479
5690.0,5690.0,0.072307184
5691.0,5691.0,0.7624177
5692.0,5692.0,0.13652484
5693.0,5693.0,0.07528958
5694.0,5694.0,0.001089606
5695.0,5695.0,0.13356936
5696.0,5696.0,0.06137561
5697.0,5697.0,0.033115756
5698.0,5698.0,0.23251106
5699.0,5699.0,0.004414172
5700.0,5700.0,1.9741397E-4
5701.0,5701.0,0.07040326
5702.0,5702.0,0.056229904
5703.0,5703.0,0.04827744
5704.0,5704.0,0.0745699
5705.0,5705.0,0.0588597
5706.0,5706.0,0.10432353
5707.0,5707.0,0.74599755
5708.0,5708.0,0.41615292
5709.0,5709.0,0.23031513
5710.0,5710.0,0.060055073
5711.0,5711.0,0.05462604
5712.0,5712.0,0.18197627
5713.0,5713.0,0.08054127
5714.0,5714.0,8.769499E-5
5715.0,5715.0,0.1909842
5716.0,5716.0,0.7685439
5717.0,5717.0,0.46012178
5718.0,5718.0,0.13614714
5719.0,5719.0,0.096567966
5720.0,5720.0,0.08802793
5721.0,5721.0,0.069228336
5722.0,5722.0,0.0056749377
5723.0,5723.0,0.1069224
5724.0,5724.0,3.5261456E-4
5725.0,5725.0,4.0803605E-4
5726.0,5726.0,0.04333959
5727.0,5727.0,0.22498056
5728.0,5728.0,0.7461089
5729.0,5729.0,0.09885561
5730.0,5730.0,0.7720374
5731.0,5731.0,0.09327789
5732.0,5732.0,0.08567363
5733.0,5733.0,0.36083823
5734.0,5734.0,0.5875704
5735.0,5735.0,8.117421E-6
5736.0,5736.0,0.26669413
5737.0,5737.0,0.081855856
5738.0,5738.0,0.112787366
5739.0,5739.0,0.019700665
5740.0,5740.0,5.257891E-5
5741.0,5741.0,0.37099528
5742.0,5742.0,0.08116956
5743.0,5743.0,0.1662108
5744.0,5744.0,0.8275477
5745.0,5745.0,0.18790974
5746.0,5746.0,0.07137688
5747.0,5747.0,0.51142627
5748.0,5748.0,0.21705587
5749.0,5749.0,0.15905403
5750.0,5750.0,0.060580116
5751.0,5751.0,0.09683947
5752.0,5752.0,0.11756311
5753.0,5753.0,0.3620077
5754.0,5754.0,0.13564782
5755.0,5755.0,0.7972361
5756.0,5756.0,0.10330604
5757.0,5757.0,0.047457997
5758.0,5758.0,0.30791035
5759.0,5759.0,0.16451235
5760.0,5760.0,0.076810874
5761.0,5761.0,2.3082917E-4
5762.0,5762.0,0.1531528
5763.0,5763.0,0.43449828
5764.0,5764.0,0.0051793973
5765.0,5765.0,0.4980432
5766.0,5766.0,0.037024945
5767.0,5767.0,0.3955236
5768.0,5768.0,0.08410431
5769.0,5769.0,0.061575226
5770.0,5770.0,0.020540437
5771.0,5771.0,4.2292566E-4
5772.0,5772.0,0.06360683
5773.0,5773.0,0.64710224
5774.0,5774.0,6.037466E-5
5775.0,5775.0,0.062971264
5776.0,5776.0,0.10130775
5777.0,5777.0,0.04609195
5778.0,5778.0,0.72066677
5779.0,5779.0,0.11733849
5780.0,5780.0,0.07352239
5781.0,5781.0,0.33768448
5782.0,5782.0,0.75092465
5783.0,5783.0,0.09203769
5784.0,5784.0,1.2432033E-4
5785.0,5785.0,0.07582165
5786.0,5786.0,0.08694755
5787.0,5787.0,0.75293654
5788.0,5788.0,0.7497136
5789.0,5789.0,0.073923334
5790.0,5790.0,0.16151024
5791.0,5791.0,0.6336929
5792.0,5792.0,1.3739748E-4
5793.0,5793.0,0.087618314
5794.0,5794.0,0.07845951
5795.0,5795.0,0.07778719
5796.0,5796.0,0.19045477
5797.0,5797.0,0.50852966
5798.0,5798.0,0.105452314
5799.0,5799.0,0.16637222
5800.0,5800.0,0.124535136
5801.0,5801.0,0.018989788
5802.0,5802.0,0.11718139
5803.0,5803.0,0.12852953
5804.0,5804.0,0.25086513
5805.0,5805.0,2.1950222E-5
5806.0,5806.0,0.39486125
5807.0,5807.0,0.3091904
5808.0,5808.0,3.508083E-5
5809.0,5809.0,0.06183571
5810.0,5810.0,0.2148047
5811.0,5811.0,0.04456138
5812.0,5812.0,0.087520264
5813.0,5813.0,0.7220393
5814.0,5814.0,0.083368175
5815.0,5815.0,2.118902E-6
5816.0,5816.0,0.19484264
5817.0,5817.0,0.76894593
5818.0,5818.0,0.040577926
5819.0,5819.0,0.34299466
5820.0,5820.0,0.11122347
5821.0,5821.0,0.08195638
5822.0,5822.0,0.2631307
5823.0,5823.0,0.039182916
5824.0,5824.0,0.23084584
5825.0,5825.0,0.10404407
5826.0,5826.0,0.06223479
5827.0,5827.0,0.55062336
5828.0,5828.0,0.5812392
5829.0,5829.0,0.08269129
5830.0,5830.0,0.09335224
5831.0,5831.0,0.7954996
5832.0,5832.0,0.02598699
5833.0,5833.0,0.64616215
5834.0,5834.0,0.061808456
5835.0,5835.0,0.038243897
5836.0,5836.0,0.06984912
5837.0,5837.0,0.10370963
5838.0,5838.0,0.029019509
5839.0,5839.0,0.06342449
5840.0,5840.0,0.089610614
5841.0,5841.0,7.858606E-5
5842.0,5842.0,0.060511157
5843.0,5843.0,0.1709239
5844.0,5844.0,0.79628754
5845.0,5845.0,0.090895206
5846.0,5846.0,0.14412656
5847.0,5847.0,0.062205438
5848.0,5848.0,0.73337066
5849.0,5849.0,0.0018295685
5850.0,5850.0,0.10845382
5851.0,5851.0,0.0031712628
5852.0,5852.0,0.23142198
5853.0,5853.0,0.040852595
5854.0,5854.0,0.8062832
5855.0,5855.0,0.24981216
5856.0,5856.0,0.19071479
5857.0,5857.0,0.12452352
5858.0,5858.0,3.533357E-5
5859.0,5859.0,0.0048255087
5860.0,5860.0,0.07633437
5861.0,5861.0,0.12104336
5862.0,5862.0,0.05663422
5863.0,5863.0,0.20437516
5864.0,5864.0,0.03716736
5865.0,5865.0,0.081216365
5866.0,5866.0,0.018828327
5867.0,5867.0,0.05497549
5868.0,5868.0,0.1344821
5869.0,5869.0,0.18873477
5870.0,5870.0,0.029400697
5871.0,5871.0,0.2355805
5872.0,5872.0,0.4044833
5873.0,5873.0,0.014323343
5874.0,5874.0,0.7678675
5875.0,5875.0,0.040136117
5876.0,5876.0,0.6852916
5877.0,5877.0,0.73855674
5878.0,5878.0,0.08002733
5879.0,5879.0,0.020893412
5880.0,5880.0,0.14236055
5881.0,5881.0,0.053107623
5882.0,5882.0,0.10496452
5883.0,5883.0,0.03739224
5884.0,5884.0,0.07631485
5885.0,5885.0,0.18034738
5886.0,5886.0,0.8016341
5887.0,5887.0,0.32069123
5888.0,5888.0,0.035892
5889.0,5889.0,0.18522987
5890.0,5890.0,0.269025
5891.0,5891.0,0.043368377
5892.0,5892.0,0.16577108
5893.0,5893.0,3.0232984E-5
5894.0,5894.0,4.27248E-4
5895.0,5895.0,0.80703706
5896.0,5896.0,0.043966427
5897.0,5897.0,0.037394077
5898.0,5898.0,0.670189
5899.0,5899.0,0.04841784
5900.0,5900.0,0.7775613
5901.0,5901.0,0.56455827
5902.0,5902.0,0.16533478
5903.0,5903.0,0.16514039
5904.0,5904.0,0.073764905
5905.0,5905.0,0.6978972
5906.0,5906.0,0.19301042
5907.0,5907.0,0.12436119
5908.0,5908.0,0.09605054
5909.0,5909.0,0.059903614
5910.0,5910.0,0.32278934
5911.0,5911.0,0.10975637
5912.0,5912.0,0.06463081
5913.0,5913.0,0.14161418
5914.0,5914.0,0.064993285
5915.0,5915.0,0.023956645
5916.0,5916.0,0.10459374
5917.0,5917.0,0.09542037
5918.0,5918.0,0.18383302
5919.0,5919.0,0.08669769
5920.0,5920.0,0.21868354
5921.0,5921.0,0.13068166
5922.0,5922.0,0.056449354
5923.0,5923.0,0.1328116
5924.0,5924.0,0.1323953
5925.0,5925.0,0.17771679
5926.0,5926.0,4.2196442E-4
5927.0,5927.0,0.20212418
5928.0,5928.0,1.0506353E-5
5929.0,5929.0,0.08187797
5930.0,5930.0,0.1021759
5931.0,5931.0,0.16402364
5932.0,5932.0,0.24172518
5933.0,5933.0,0.32891852
5934.0,5934.0,0.040180262
5935.0,5935.0,0.06204363
5936.0,5936.0,0.0595703
5937.0,5937.0,0.06291889
5938.0,5938.0,0.663915
5939.0,5939.0,0.23317996
5940.0,5940.0,0.015269386
5941.0,5941.0,0.038989376
5942.0,5942.0,0.33390447
5943.0,5943.0,0.08370433
5944.0,5944.0,0.09557846
5945.0,5945.0,0.09005854
5946.0,5946.0,0.9050572
5947.0,5947.0,0.17113876
5948.0,5948.0,0.09660224
5949.0,5949.0,0.30072927
5950.0,5950.0,0.17827754
5951.0,5951.0,0.05418652
5952.0,5952.0,0.03504883
5953.0,5953.0,0.17846434
5954.0,5954.0,0.28317824
5955.0,5955.0,0.16426067
5956.0,5956.0,0.31710085
5957.0,5957.0,0.47615284
5958.0,5958.0,0.21368062
5959.0,5959.0,0.10550157
5960.0,5960.0,5.234391E-4
5961.0,5961.0,0.12104937
5962.0,5962.0,0.12425527
5963.0,5963.0,0.1309543
5964.0,5964.0,0.06447697
5965.0,5965.0,0.046864886
5966.0,5966.0,1.3708981E-4
5967.0,5967.0,1.163424E-4
5968.0,5968.0,0.39384145
5969.0,5969.0,0.19451311
5970.0,5970.0,0.5986639
5971.0,5971.0,0.09188735
5972.0,5972.0,0.12516145
5973.0,5973.0,0.75300103
5974.0,5974.0,0.043428198
5975.0,5975.0,0.782042
5976.0,5976.0,0.79163283
5977.0,5977.0,0.43738583
5978.0,5978.0,0.0051136888
5979.0,5979.0,0.13207951
5980.0,5980.0,0.026079504
5981.0,5981.0,0.014539628
5982.0,5982.0,0.0828935
5983.0,5983.0,9.906058E-4
5984.0,5984.0,0.083416805
5985.0,5985.0,9.712348E-4
5986.0,5986.0,0.1355429
5987.0,5987.0,0.1286881
5988.0,5988.0,0.66105205
5989.0,5989.0,0.12660567
5990.0,5990.0,0.03302449
5991.0,5991.0,0.0046045627
5992.0,5992.0,0.007865483
5993.0,5993.0,0.09480919
5994.0,5994.0,0.54418325
5995.0,5995.0,0.046743125
5996.0,5996.0,0.13491091
5997.0,5997.0,0.22683911
5998.0,5998.0,0.1748878
5999.0,5999.0,0.27996996
6000.0,6000.0,0.004618698
6001.0,6001.0,0.39796978
6002.0,6002.0,0.08775077
6003.0,6003.0,0.19725876
6004.0,6004.0,0.08602468
6005.0,6005.0,0.76458335
6006.0,6006.0,0.18966216
6007.0,6007.0,0.02226589
6008.0,6008.0,0.11957069
6009.0,6009.0,0.088676155
6010.0,6010.0,0.141669
6011.0,6011.0,0.031522915
6012.0,6012.0,0.0967382
6013.0,6013.0,0.026815483
6014.0,6014.0,0.7711339
6015.0,6015.0,4.9741542E-5
6016.0,6016.0,0.017698336
6017.0,6017.0,0.18685393
6018.0,6018.0,0.42330098
6019.0,6019.0,0.13281888
6020.0,6020.0,0.1371582
6021.0,6021.0,0.08234591
6022.0,6022.0,0.069245234
6023.0,6023.0,0.07727171
6024.0,6024.0,0.08973295
6025.0,6025.0,0.75674415
6026.0,6026.0,0.7780712
6027.0,6027.0,1.3553394E-5
6028.0,6028.0,0.0352245
6029.0,6029.0,0.15046845
6030.0,6030.0,0.7775987
6031.0,6031.0,0.1053594
6032.0,6032.0,0.07057104
6033.0,6033.0,0.05125754
6034.0,6034.0,0.8074086
6035.0,6035.0,0.025010653
6036.0,6036.0,0.15541607
6037.0,6037.0,1.1216284E-4
6038.0,6038.0,0.7391488
6039.0,6039.0,0.59108776
6040.0,6040.0,3.7273834E-4
6041.0,6041.0,0.09789797
6042.0,6042.0,0.18080325
6043.0,6043.0,0.05012898
6044.0,6044.0,0.05850907
6045.0,6045.0,0.23028812
6046.0,6046.0,0.29887357
6047.0,6047.0,0.327653
6048.0,6048.0,0.08607197
6049.0,6049.0,0.7396501
6050.0,6050.0,0.21045832
6051.0,6051.0,0.76667595
6052.0,6052.0,0.065982066
6053.0,6053.0,0.14308083
6054.0,6054.0,0.0020384297
6055.0,6055.0,0.30918753
6056.0,6056.0,0.62177956
6057.0,6057.0,2.753225E-4
6058.0,6058.0,5.5754633E-4
6059.0,6059.0,0.79054326
6060.0,6060.0,0.18348841
6061.0,6061.0,0.7636817
6062.0,6062.0,6.6623593E-6
6063.0,6063.0,0.0807786
6064.0,6064.0,3.655228E-4
6065.0,6065.0,0.16909334
6066.0,6066.0,0.50680673
6067.0,6067.0,3.2919194E-4
6068.0,6068.0,0.121336624
6069.0,6069.0,0.770607
6070.0,6070.0,0.033011183
6071.0,6071.0,0.09879661
6072.0,6072.0,0.07936797
6073.0,6073.0,0.08955504
6074.0,6074.0,0.118642285
6075.0,6075.0,0.18872002
6076.0,6076.0,0.47359654
6077.0,6077.0,0.030960828
6078.0,6078.0,0.77083826
6079.0,6079.0,0.19084977
6080.0,6080.0,0.119033426
6081.0,6081.0,0.755092
6082.0,6082.0,0.09959504
6083.0,6083.0,0.010337323
6084.0,6084.0,0.41954917
6085.0,6085.0,0.01293203
6086.0,6086.0,0.7873771
6087.0,6087.0,0.0030063156
6088.0,6088.0,0.066701904
6089.0,6089.0,0.076592624
6090.0,6090.0,0.06773755
6091.0,6091.0,0.22604053
6092.0,6092.0,0.042193893
6093.0,6093.0,0.06977342
6094.0,6094.0,0.3999682
6095.0,6095.0,0.18669581
6096.0,6096.0,7.324877E-5
6097.0,6097.0,0.45797965
6098.0,6098.0,2.0523923E-5
6099.0,6099.0,0.06346562
6100.0,6100.0,0.14810333
6101.0,6101.0,0.048689824
6102.0,6102.0,0.017928593
6103.0,6103.0,0.1431874
6104.0,6104.0,0.30799758
6105.0,6105.0,0.8143601
6106.0,6106.0,0.10140185
6107.0,6107.0,0.4611978
6108.0,6108.0,0.81396407
6109.0,6109.0,0.43203738
6110.0,6110.0,0.131645
6111.0,6111.0,0.07592067
6112.0,6112.0,0.7037265
6113.0,6113.0,0.18492864
6114.0,6114.0,0.17818703
6115.0,6115.0,0.16007948
6116.0,6116.0,0.059568685
6117.0,6117.0,0.12370827
6118.0,6118.0,0.01772255
6119.0,6119.0,6.79755E-4
6120.0,6120.0,0.28520173
6121.0,6121.0,0.54916584
6122.0,6122.0,0.13092923
6123.0,6123.0,0.5917601
6124.0,6124.0,0.0585914
6125.0,6125.0,0.3047705
6126.0,6126.0,0.29112738
6127.0,6127.0,0.093324505
6128.0,6128.0,0.03739432
6129.0,6129.0,0.08077332
6130.0,6130.0,0.2055819
6131.0,6131.0,0.23949635
6132.0,6132.0,0.7550351
6133.0,6133.0,0.24384485
6134.0,6134.0,0.2509646
6135.0,6135.0,0.117636524
6136.0,6136.0,1.3158849E-4
6137.0,6137.0,0.20977955
6138.0,6138.0,0.68057966
6139.0,6139.0,0.0057484675
6140.0,6140.0,0.14146066
6141.0,6141.0,0.43752778
6142.0,6142.0,0.13877718
6143.0,6143.0,0.07721677
6144.0,6144.0,0.075207196
6145.0,6145.0,0.057307918
6146.0,6146.0,0.7824576
6147.0,6147.0,0.13671035
6148.0,6148.0,0.7032789
6149.0,6149.0,0.7634555
6150.0,6150.0,0.13847049
6151.0,6151.0,0.0031094311
6152.0,6152.0,0.07114025
6153.0,6153.0,0.048992947
6154.0,6154.0,0.41151538
6155.0,6155.0,0.004838825
6156.0,6156.0,0.21462889
6157.0,6157.0,0.53156424
6158.0,6158.0,0.7532725
6159.0,6159.0,0.09946998
6160.0,6160.0,4.6890455E-6
6161.0,6161.0,0.24960214
6162.0,6162.0,0.059435066
6163.0,6163.0,0.029412154
6164.0,6164.0,0.4624526
6165.0,6165.0,0.004410057
6166.0,6166.0,0.053306464
6167.0,6167.0,0.13240519
6168.0,6168.0,0.07264901
6169.0,6169.0,0.13653807
6170.0,6170.0,0.039299153
6171.0,6171.0,0.06610199
6172.0,6172.0,0.087234996
6173.0,6173.0,0.7866893
6174.0,6174.0,0.072901405
6175.0,6175.0,0.086342
6176.0,6176.0,0.80705065
6177.0,6177.0,0.090715624
6178.0,6178.0,0.10372462
6179.0,6179.0,0.1268978
6180.0,6180.0,0.4199244
6181.0,6181.0,0.040387187
6182.0,6182.0,1.1514084E-4
6183.0,6183.0,0.14095172
6184.0,6184.0,0.18612263
6185.0,6185.0,0.077470034
6186.0,6186.0,0.12632303
6187.0,6187.0,0.018251313
6188.0,6188.0,0.3061488
6189.0,6189.0,0.07477022
6190.0,6190.0,0.10371777
6191.0,6191.0,0.055299476
6192.0,6192.0,0.25872296
6193.0,6193.0,0.067530796
6194.0,6194.0,0.39609668
6195.0,6195.0,0.046647333
6196.0,6196.0,0.04920866
6197.0,6197.0,3.732456E-4
6198.0,6198.0,0.07155422
6199.0,6199.0,0.74131423
6200.0,6200.0,0.076870635
6201.0,6201.0,0.049504288
6202.0,6202.0,0.0735805
6203.0,6203.0,0.09603037
6204.0,6204.0,0.119190626
6205.0,6205.0,0.10734903
6206.0,6206.0,0.79572386
6207.0,6207.0,0.063808925
6208.0,6208.0,0.2640049
6209.0,6209.0,0.0077707255
6210.0,6210.0,0.08604295
6211.0,6211.0,0.007754391
6212.0,6212.0,0.076303974
6213.0,6213.0,0.0012139888
6214.0,6214.0,4.768467E-5
6215.0,6215.0,5.8081365E-5
6216.0,6216.0,0.002338067
6217.0,6217.0,0.046385724
6218.0,6218.0,0.11920386
6219.0,6219.0,0.7756036
6220.0,6220.0,0.18751031
6221.0,6221.0,0.058063477
6222.0,6222.0,0.15211424
6223.0,6223.0,0.059514638
6224.0,6224.0,0.0095885275
6225.0,6225.0,0.09388701
6226.0,6226.0,0.7001074
6227.0,6227.0,0.074321695
6228.0,6228.0,0.054350615
6229.0,6229.0,0.001147457
6230.0,6230.0,0.006796995
6231.0,6231.0,0.0150211
6232.0,6232.0,0.15375555
6233.0,6233.0,0.04365765
6234.0,6234.0,0.06549523
6235.0,6235.0,0.051659755
6236.0,6236.0,0.047579862
6237.0,6237.0,0.08000838
6238.0,6238.0,0.037832215
6239.0,6239.0,0.019092087
6240.0,6240.0,2.4266885E-6
6241.0,6241.0,0.05851653
6242.0,6242.0,0.15644768
6243.0,6243.0,0.10514335
6244.0,6244.0,3.2593187E-5
6245.0,6245.0,0.016466983
6246.0,6246.0,0.36376867
6247.0,6247.0,0.08222905
6248.0,6248.0,0.586089
6249.0,6249.0,0.09038347
6250.0,6250.0,0.06836616
6251.0,6251.0,0.0547952
6252.0,6252.0,0.05209099
6253.0,6253.0,0.13253635
6254.0,6254.0,2.6411022E-4
6255.0,6255.0,0.7958186
6256.0,6256.0,0.06995511
6257.0,6257.0,0.1649498
6258.0,6258.0,0.13787203
6259.0,6259.0,0.03170687
6260.0,6260.0,9.264068E-5
6261.0,6261.0,0.34705532
6262.0,6262.0,0.001336973
6263.0,6263.0,0.0669457
6264.0,6264.0,0.242766
6265.0,6265.0,0.12430318
6266.0,6266.0,0.057510618
6267.0,6267.0,0.086144894
6268.0,6268.0,0.668272
6269.0,6269.0,0.043526903
6270.0,6270.0,0.1483802
6271.0,6271.0,0.057537377
6272.0,6272.0,0.26047745
6273.0,6273.0,0.17956509
6274.0,6274.0,0.79099417
6275.0,6275.0,0.17940055
6276.0,6276.0,0.14539269
6277.0,6277.0,2.3703356E-5
6278.0,6278.0,5.394362E-4
6279.0,6279.0,2.0354049E-4
6280.0,6280.0,0.019050961
6281.0,6281.0,0.08430702
6282.0,6282.0,0.17098193
6283.0,6283.0,0.31129038
6284.0,6284.0,0.117959
6285.0,6285.0,0.7377789
6286.0,6286.0,0.23099746
6287.0,6287.0,0.02843163
6288.0,6288.0,0.41842335
6289.0,6289.0,0.7520097
6290.0,6290.0,0.049951382
6291.0,6291.0,0.053458925
6292.0,6292.0,0.08548016
6293.0,6293.0,0.0087541565
6294.0,6294.0,0.060437925
6295.0,6295.0,0.32577977
6296.0,6296.0,0.08716369
6297.0,6297.0,0.31828752
6298.0,6298.0,0.27213958
6299.0,6299.0,0.102866404
6300.0,6300.0,0.04717816
6301.0,6301.0,0.043120425
6302.0,6302.0,0.78490525
6303.0,6303.0,0.13149543
6304.0,6304.0,0.21589065
6305.0,6305.0,0.07745829
6306.0,6306.0,0.085857265
6307.0,6307.0,0.29525807
6308.0,6308.0,0.0028501817
6309.0,6309.0,0.044645026
6310.0,6310.0,0.07504651
6311.0,6311.0,0.23726468
6312.0,6312.0,0.07958062
6313.0,6313.0,0.035171382
6314.0,6314.0,0.06428772
6315.0,6315.0,0.782456
6316.0,6316.0,0.29470122
6317.0,6317.0,0.10430918
6318.0,6318.0,0.044872794
6319.0,6319.0,0.43367887
6320.0,6320.0,0.05216849
6321.0,6321.0,0.13070236
6322.0,6322.0,0.072989106
6323.0,6323.0,0.115362376
6324.0,6324.0,0.041558314
6325.0,6325.0,0.10458901
6326.0,6326.0,1.5824274E-4
6327.0,6327.0,0.06458787
6328.0,6328.0,0.0020003282
6329.0,6329.0,0.26328474
6330.0,6330.0,0.6128621
6331.0,6331.0,0.053647842
6332.0,6332.0,0.07032677
6333.0,6333.0,0.089769535
6334.0,6334.0,0.0723862
6335.0,6335.0,0.012309708
6336.0,6336.0,0.1128681
6337.0,6337.0,0.16053857
6338.0,6338.0,0.103318185
6339.0,6339.0,0.17885524
6340.0,6340.0,0.04997553
6341.0,6341.0,0.17132707
6342.0,6342.0,5.8236293E-4
6343.0,6343.0,0.027737014
6344.0,6344.0,0.07218229
6345.0,6345.0,0.77062774
6346.0,6346.0,2.9581372E-4
6347.0,6347.0,0.09351854
6348.0,6348.0,0.13041544
6349.0,6349.0,2.0221372E-5
6350.0,6350.0,0.29836336
6351.0,6351.0,0.12946226
6352.0,6352.0,0.2525698
6353.0,6353.0,0.16812724
6354.0,6354.0,0.15086034
6355.0,6355.0,0.10806372
6356.0,6356.0,0.058524664
6357.0,6357.0,0.080007605
6358.0,6358.0,0.04966728
6359.0,6359.0,0.09593299
6360.0,6360.0,0.6378841
6361.0,6361.0,1.6894202E-4
6362.0,6362.0,0.71944577
6363.0,6363.0,0.091945514
6364.0,6364.0,0.75442386
6365.0,6365.0,0.12717044
6366.0,6366.0,0.06742709
6367.0,6367.0,0.0043714354
6368.0,6368.0,0.19449289
6369.0,6369.0,0.0766486
6370.0,6370.0,0.03115465
6371.0,6371.0,0.05538752
6372.0,6372.0,0.050382745
6373.0,6373.0,0.075053535
6374.0,6374.0,0.06911292
6375.0,6375.0,0.11997541
6376.0,6376.0,0.36296806
6377.0,6377.0,0.13416527
6378.0,6378.0,0.37423906
6379.0,6379.0,0.042025797
6380.0,6380.0,0.047573354
6381.0,6381.0,0.17821586
6382.0,6382.0,0.06816846
6383.0,6383.0,0.010617377
6384.0,6384.0,1.2150007E-6
6385.0,6385.0,0.74455947
6386.0,6386.0,0.1404238
6387.0,6387.0,0.076854005
6388.0,6388.0,0.00389778
6389.0,6389.0,0.1656143
6390.0,6390.0,0.030188441
6391.0,6391.0,0.68185306
6392.0,6392.0,0.49322584
6393.0,6393.0,0.7248697
6394.0,6394.0,0.3952905
6395.0,6395.0,0.08862219
6396.0,6396.0,0.31168967
6397.0,6397.0,0.18162735
6398.0,6398.0,0.012232616
6399.0,6399.0,3.9464736E-5
6400.0,6400.0,0.13958433
6401.0,6401.0,0.11737271
6402.0,6402.0,0.08704038
6403.0,6403.0,0.006022762
6404.0,6404.0,0.5017834
6405.0,6405.0,0.07363694
6406.0,6406.0,0.83075166
6407.0,6407.0,0.09460554
6408.0,6408.0,0.49925742
6409.0,6409.0,0.12285502
6410.0,6410.0,0.09133375
6411.0,6411.0,0.09539303
6412.0,6412.0,1.2898924E-5
6413.0,6413.0,2.4960094E-4
6414.0,6414.0,0.25209653
6415.0,6415.0,0.16308413
6416.0,6416.0,0.7876357
6417.0,6417.0,0.1112913
6418.0,6418.0,0.06588727
6419.0,6419.0,0.08209687
6420.0,6420.0,0.09682572
6421.0,6421.0,0.33978364
6422.0,6422.0,0.07379254
6423.0,6423.0,0.7548316
6424.0,6424.0,2.838169E-5
6425.0,6425.0,0.03887413
6426.0,6426.0,0.22218725
6427.0,6427.0,0.015195189
6428.0,6428.0,0.23929437
6429.0,6429.0,0.08438576
6430.0,6430.0,0.017496374
6431.0,6431.0,0.4433206
6432.0,6432.0,0.2842325
6433.0,6433.0,0.0526303
6434.0,6434.0,0.17338136
6435.0,6435.0,0.11225043
6436.0,6436.0,0.08303578
6437.0,6437.0,0.08723185
6438.0,6438.0,0.03714782
6439.0,6439.0,0.10212091
6440.0,6440.0,0.07921373
6441.0,6441.0,0.4377376
6442.0,6442.0,7.6951546E-4
6443.0,6443.0,3.8434937E-5
6444.0,6444.0,0.078538865
6445.0,6445.0,0.0785079
6446.0,6446.0,0.047862604
6447.0,6447.0,0.7826116
6448.0,6448.0,0.7802684
6449.0,6449.0,4.878669E-5
6450.0,6450.0,0.85384065
6451.0,6451.0,0.16160858
6452.0,6452.0,0.78048724
6453.0,6453.0,0.19281684
6454.0,6454.0,0.866197
6455.0,6455.0,0.38715762
6456.0,6456.0,0.047768354
6457.0,6457.0,0.049473625
6458.0,6458.0,0.17289168
6459.0,6459.0,0.08681372
6460.0,6460.0,4.4745197E-5
6461.0,6461.0,0.027525568
6462.0,6462.0,0.0644776
6463.0,6463.0,0.77178055
6464.0,6464.0,0.14434221
6465.0,6465.0,0.7158249
6466.0,6466.0,0.18167843
6467.0,6467.0,0.2317549
6468.0,6468.0,0.043378763
6469.0,6469.0,0.08583447
6470.0,6470.0,0.063158736
6471.0,6471.0,0.010525565
6472.0,6472.0,0.072719105
6473.0,6473.0,0.019168401
6474.0,6474.0,0.75582564
6475.0,6475.0,0.09907306
6476.0,6476.0,0.120274946
6477.0,6477.0,0.08568388
6478.0,6478.0,0.04626102
6479.0,6479.0,0.041531615
6480.0,6480.0,0.22394043
6481.0,6481.0,0.049735393
6482.0,6482.0,0.0065033035
6483.0,6483.0,0.0074377786
6484.0,6484.0,0.04654445
6485.0,6485.0,0.13185312
6486.0,6486.0,0.7501706
6487.0,6487.0,0.027550869
6488.0,6488.0,0.08065898
6489.0,6489.0,0.5517567
6490.0,6490.0,0.04530363
6491.0,6491.0,0.07258142
6492.0,6492.0,4.178199E-5
6493.0,6493.0,0.005565626
6494.0,6494.0,0.03888541
6495.0,6495.0,3.6801557E-5
6496.0,6496.0,0.036529884
6497.0,6497.0,0.20637327
6498.0,6498.0,0.026134286
6499.0,6499.0,0.45889866
6500.0,6500.0,0.2248583
6501.0,6501.0,0.034403596
6502.0,6502.0,0.16144158
6503.0,6503.0,0.10341371
6504.0,6504.0,2.4332205E-5
6505.0,6505.0,1.3107409E-4
6506.0,6506.0,0.37082654
6507.0,6507.0,0.16918264
6508.0,6508.0,0.7425779
6509.0,6509.0,0.026311615
6510.0,6510.0,0.04505224
6511.0,6511.0,2.267299E-5
6512.0,6512.0,0.40252385
6513.0,6513.0,4.7453716E-5
6514.0,6514.0,0.38187978
6515.0,6515.0,0.038099296
6516.0,6516.0,0.029322574
6517.0,6517.0,0.07846363
6518.0,6518.0,0.042752028
6519.0,6519.0,0.21331897
6520.0,6520.0,0.0090727275
6521.0,6521.0,0.039679103
6522.0,6522.0,0.14528325
6523.0,6523.0,0.031458184
6524.0,6524.0,0.18730317
6525.0,6525.0,0.177145
6526.0,6526.0,0.013910239
6527.0,6527.0,0.1676592
6528.0,6528.0,0.44459692
6529.0,6529.0,0.04566471
6530.0,6530.0,0.05865486
6531.0,6531.0,0.75614995
6532.0,6532.0,0.058866065
6533.0,6533.0,0.12887695
6534.0,6534.0,0.021490704
6535.0,6535.0,0.5138635
6536.0,6536.0,0.7233967
6537.0,6537.0,0.05921971
6538.0,6538.0,0.087351575
6539.0,6539.0,0.07912393
6540.0,6540.0,0.13611418
6541.0,6541.0,0.015211647
6542.0,6542.0,0.0038995645
6543.0,6543.0,0.40769267
6544.0,6544.0,0.055115566
6545.0,6545.0,0.33416873
6546.0,6546.0,0.71415085
6547.0,6547.0,0.8548577
6548.0,6548.0,0.08488154
6549.0,6549.0,0.042462006
6550.0,6550.0,3.0095907E-5
6551.0,6551.0,0.022518063
6552.0,6552.0,0.030001203
6553.0,6553.0,0.053965583
6554.0,6554.0,0.110562555
6555.0,6555.0,0.08132863
6556.0,6556.0,0.5984913
6557.0,6557.0,0.06259596
6558.0,6558.0,0.23969251
6559.0,6559.0,0.74611163
6560.0,6560.0,0.09633616
6561.0,6561.0,0.33569077
6562.0,6562.0,0.017908694
6563.0,6563.0,0.7729882
6564.0,6564.0,9.624596E-4
6565.0,6565.0,0.08972357
6566.0,6566.0,3.347661E-5
6567.0,6567.0,0.049939968
6568.0,6568.0,0.07391976
6569.0,6569.0,0.06648675
6570.0,6570.0,0.034112785
6571.0,6571.0,0.045420166
6572.0,6572.0,2.0948224E-5
6573.0,6573.0,0.7353245
6574.0,6574.0,0.09584473
6575.0,6575.0,0.48901772
6576.0,6576.0,0.65654856
6577.0,6577.0,0.35421714
6578.0,6578.0,0.08397432
6579.0,6579.0,0.045450117
6580.0,6580.0,0.122781724
6581.0,6581.0,0.12644072
6582.0,6582.0,0.41394198
6583.0,6583.0,0.115705654
6584.0,6584.0,0.06006535
6585.0,6585.0,0.120189555
6586.0,6586.0,0.055070683
6587.0,6587.0,0.0014279264
6588.0,6588.0,0.29141963
6589.0,6589.0,0.07094594
6590.0,6590.0,7.161923E-4
6591.0,6591.0,1.4800772E-4
6592.0,6592.0,0.5863042
6593.0,6593.0,0.06428985
6594.0,6594.0,0.048647393
6595.0,6595.0,1.3753434E-5
6596.0,6596.0,0.1260009
6597.0,6597.0,0.11772925
6598.0,6598.0,0.027583798
6599.0,6599.0,0.6851805
6600.0,6600.0,1.3181536E-6
6601.0,6601.0,0.075442016
6602.0,6602.0,0.24694711
6603.0,6603.0,0.20670505
6604.0,6604.0,0.7491977
6605.0,6605.0,0.17652103
6606.0,6606.0,0.16018803
6607.0,6607.0,0.0921489
6608.0,6608.0,0.16803044
6609.0,6609.0,0.08601333
6610.0,6610.0,0.412028
6611.0,6611.0,1.7222016E-4
6612.0,6612.0,0.03200652
6613.0,6613.0,0.07533407
6614.0,6614.0,0.050332036
6615.0,6615.0,0.2390524
6616.0,6616.0,0.07751076
6617.0,6617.0,0.06632089
6618.0,6618.0,0.008052751
6619.0,6619.0,0.07781703
6620.0,6620.0,0.09335362
6621.0,6621.0,0.016757388
6622.0,6622.0,0.031170817
6623.0,6623.0,0.03119206
6624.0,6624.0,0.27437127
6625.0,6625.0,0.7124278
6626.0,6626.0,1.6637881E-5
6627.0,6627.0,0.015961101
6628.0,6628.0,0.14760129
6629.0,6629.0,0.67684776
6630.0,6630.0,0.1098549
6631.0,6631.0,0.027213989
6632.0,6632.0,0.1104182
6633.0,6633.0,0.008566876
6634.0,6634.0,0.7311366
6635.0,6635.0,0.14848152
6636.0,6636.0,0.08643764
6637.0,6637.0,0.13691798
6638.0,6638.0,0.6847356
6639.0,6639.0,0.1865828
6640.0,6640.0,4.1966112E-5
6641.0,6641.0,4.2794354E-4
6642.0,6642.0,0.022815844
6643.0,6643.0,0.0453278
6644.0,6644.0,0.0770803
6645.0,6645.0,0.7805497
6646.0,6646.0,0.016757714
6647.0,6647.0,0.042041525
6648.0,6648.0,0.069771335
6649.0,6649.0,0.060457867
6650.0,6650.0,0.0015273726
6651.0,6651.0,7.319722E-6
6652.0,6652.0,0.13231632
6653.0,6653.0,0.2589265
6654.0,6654.0,0.08514056
6655.0,6655.0,1.8826248E-4
6656.0,6656.0,0.027706064
6657.0,6657.0,0.12319203
6658.0,6658.0,0.007874021
6659.0,6659.0,0.16404584
6660.0,6660.0,0.5223246
6661.0,6661.0,0.39920568
6662.0,6662.0,0.16255954
6663.0,6663.0,2.1957049E-4
6664.0,6664.0,0.47607678
6665.0,6665.0,0.05219351
6666.0,6666.0,0.22593907
6667.0,6667.0,0.05995276
6668.0,6668.0,0.6637688
6669.0,6669.0,0.065207474
6670.0,6670.0,0.5427622
6671.0,6671.0,0.6803029
6672.0,6672.0,0.48125327
6673.0,6673.0,0.099914946
6674.0,6674.0,0.28004724
6675.0,6675.0,0.48604554
6676.0,6676.0,0.08223572
6677.0,6677.0,0.107579306
6678.0,6678.0,0.049735963
6679.0,6679.0,4.2301213E-4
6680.0,6680.0,0.81152433
6681.0,6681.0,0.5569642
6682.0,6682.0,0.19977264
6683.0,6683.0,2.0624045E-4
6684.0,6684.0,0.59083587
6685.0,6685.0,0.025795845
6686.0,6686.0,0.044619586
6687.0,6687.0,0.0879306
6688.0,6688.0,0.18780498
6689.0,6689.0,0.045839045
6690.0,6690.0,1.3436897E-4
6691.0,6691.0,0.038462173
6692.0,6692.0,0.11519319
6693.0,6693.0,0.18528858
6694.0,6694.0,0.07818993
6695.0,6695.0,0.08939304
6696.0,6696.0,0.23734766
6697.0,6697.0,0.077784285
6698.0,6698.0,0.052408732
6699.0,6699.0,0.32137272
6700.0,6700.0,0.07376543
6701.0,6701.0,0.706938
6702.0,6702.0,0.08878574
6703.0,6703.0,0.0056622005
6704.0,6704.0,0.670978
6705.0,6705.0,2.0038635E-5
6706.0,6706.0,0.47939438
6707.0,6707.0,0.26174557
6708.0,6708.0,0.53392863
6709.0,6709.0,0.07059026
6710.0,6710.0,0.1375078
6711.0,6711.0,0.06812726
6712.0,6712.0,0.10865775
6713.0,6713.0,0.69591343
6714.0,6714.0,0.009649505
6715.0,6715.0,0.7453152
6716.0,6716.0,0.7350038
6717.0,6717.0,0.08727671
6718.0,6718.0,0.03879934
6719.0,6719.0,0.19277391
6720.0,6720.0,0.08997908
6721.0,6721.0,0.009787281
6722.0,6722.0,0.2944074
6723.0,6723.0,3.6724622E-4
6724.0,6724.0,0.06856113
6725.0,6725.0,0.8056838
6726.0,6726.0,0.08107365
6727.0,6727.0,0.04293314
6728.0,6728.0,0.053675793
6729.0,6729.0,0.05457585
6730.0,6730.0,0.85596335
6731.0,6731.0,0.7952811
6732.0,6732.0,0.080779634
6733.0,6733.0,0.03782766
6734.0,6734.0,0.09373561
6735.0,6735.0,0.04151897
6736.0,6736.0,0.76914275
6737.0,6737.0,0.06095521
6738.0,6738.0,0.12770066
6739.0,6739.0,0.6192313
6740.0,6740.0,1.5688984E-4
6741.0,6741.0,0.15789178
6742.0,6742.0,0.37402058
6743.0,6743.0,0.18415599
6744.0,6744.0,0.23071636
6745.0,6745.0,2.6419664E-6
6746.0,6746.0,0.09843544
6747.0,6747.0,0.045950793
6748.0,6748.0,0.0055801305
6749.0,6749.0,0.12782186
6750.0,6750.0,5.50101E-5
6751.0,6751.0,0.20214233
6752.0,6752.0,0.74051726
6753.0,6753.0,0.1487816
6754.0,6754.0,0.15623188
6755.0,6755.0,0.13743266
6756.0,6756.0,0.77045614
6757.0,6757.0,0.0451012
6758.0,6758.0,0.14687096
6759.0,6759.0,0.007214199
6760.0,6760.0,0.084794804
6761.0,6761.0,0.07047278
6762.0,6762.0,0.090947606
6763.0,6763.0,0.035063192
6764.0,6764.0,0.14389567
6765.0,6765.0,0.005098834
6766.0,6766.0,0.2243912
6767.0,6767.0,0.14360866
6768.0,6768.0,0.121060014
6769.0,6769.0,0.2279196
6770.0,6770.0,0.16393936
6771.0,6771.0,0.53682166
6772.0,6772.0,0.058517657
6773.0,6773.0,0.038417555
6774.0,6774.0,0.08722813
6775.0,6775.0,0.16487266
6776.0,6776.0,0.79625815
6777.0,6777.0,0.14684674
6778.0,6778.0,1.5255324E-4
6779.0,6779.0,0.093534194
6780.0,6780.0,0.23288475
6781.0,6781.0,0.66305614
6782.0,6782.0,0.7632257
6783.0,6783.0,0.07993728
6784.0,6784.0,0.20243974
6785.0,6785.0,3.171614E-4
6786.0,6786.0,0.07663766
6787.0,6787.0,0.070348546
6788.0,6788.0,0.0278529
6789.0,6789.0,0.741851
6790.0,6790.0,0.46484268
6791.0,6791.0,0.05384616
6792.0,6792.0,0.09252449
6793.0,6793.0,0.04488602
6794.0,6794.0,0.09656218
6795.0,6795.0,0.009487502
6796.0,6796.0,0.13015944
6797.0,6797.0,0.06569204
6798.0,6798.0,0.034979653
6799.0,6799.0,0.7703105
6800.0,6800.0,0.8018884
6801.0,6801.0,1.7159424E-6
6802.0,6802.0,0.015589472
6803.0,6803.0,3.966854E-4
6804.0,6804.0,0.12962124
6805.0,6805.0,0.7275148
6806.0,6806.0,0.30825603
6807.0,6807.0,0.07793969
6808.0,6808.0,2.1777405E-4
6809.0,6809.0,0.2293365
6810.0,6810.0,0.025023006
6811.0,6811.0,9.462347E-4
6812.0,6812.0,0.8789855
6813.0,6813.0,0.11165086
6814.0,6814.0,0.13483603
6815.0,6815.0,0.13125926
6816.0,6816.0,0.036599234
6817.0,6817.0,0.28186378
6818.0,6818.0,0.0510896
6819.0,6819.0,0.0012601569
6820.0,6820.0,0.3355596
6821.0,6821.0,0.4304226
6822.0,6822.0,0.003819757
6823.0,6823.0,0.05804007
6824.0,6824.0,0.15001269
6825.0,6825.0,0.125409
6826.0,6826.0,0.0014088871
6827.0,6827.0,0.37248367
6828.0,6828.0,1.2005E-5
6829.0,6829.0,0.09130122
6830.0,6830.0,0.14615637
6831.0,6831.0,0.06383223
6832.0,6832.0,0.03317081
6833.0,6833.0,0.6825651
6834.0,6834.0,0.16668227
6835.0,6835.0,4.027784E-6
6836.0,6836.0,0.86864877
6837.0,6837.0,0.031230688
6838.0,6838.0,0.4549571
6839.0,6839.0,0.18807931
6840.0,6840.0,0.0838164
6841.0,6841.0,0.22574157
6842.0,6842.0,0.08784172
6843.0,6843.0,0.08581011
6844.0,6844.0,0.051986333
6845.0,6845.0,0.040906716
6846.0,6846.0,0.088908
6847.0,6847.0,0.016995067
6848.0,6848.0,1.4620551E-4
6849.0,6849.0,0.08599166
6850.0,6850.0,0.11387931
6851.0,6851.0,0.071698144
6852.0,6852.0,0.7518156
6853.0,6853.0,0.1516351
6854.0,6854.0,1.5529216E-4
6855.0,6855.0,0.09426732
6856.0,6856.0,0.7988608
6857.0,6857.0,0.66510946
6858.0,6858.0,0.1029267
6859.0,6859.0,0.14537723
6860.0,6860.0,0.13106662
6861.0,6861.0,0.115851946
6862.0,6862.0,0.731951
6863.0,6863.0,0.838349
6864.0,6864.0,0.063533984
6865.0,6865.0,0.14063118
6866.0,6866.0,0.07186588
6867.0,6867.0,0.14984785
6868.0,6868.0,0.031064969
6869.0,6869.0,0.16546354
6870.0,6870.0,0.04206449
6871.0,6871.0,0.024274623
6872.0,6872.0,0.0010419777
6873.0,6873.0,0.4790776
6874.0,6874.0,0.06518698
6875.0,6875.0,0.0017858462
6876.0,6876.0,0.1694352
6877.0,6877.0,0.08617761
6878.0,6878.0,1.1529306E-4
6879.0,6879.0,0.123214886
6880.0,6880.0,0.13540901
6881.0,6881.0,0.05573701
6882.0,6882.0,0.18236935
6883.0,6883.0,0.076558545
6884.0,6884.0,0.029807499
6885.0,6885.0,0.0013564227
6886.0,6886.0,0.024451638
6887.0,6887.0,0.11849826
6888.0,6888.0,0.08890235
6889.0,6889.0,0.35526216
6890.0,6890.0,0.09365627
6891.0,6891.0,0.20813231
6892.0,6892.0,0.1145871
6893.0,6893.0,0.028885871
6894.0,6894.0,0.20467073
6895.0,6895.0,0.04765538
6896.0,6896.0,0.7738208
6897.0,6897.0,0.08778137
6898.0,6898.0,0.07228135
6899.0,6899.0,0.65731215
6900.0,6900.0,0.27850172
6901.0,6901.0,7.526621E-5
6902.0,6902.0,0.20852572
6903.0,6903.0,0.05993586
6904.0,6904.0,0.73793906
6905.0,6905.0,0.117349386
6906.0,6906.0,0.029645834
6907.0,6907.0,0.11793658
6908.0,6908.0,0.11683728
6909.0,6909.0,0.14446238
6910.0,6910.0,0.06310733
6911.0,6911.0,0.16883315
6912.0,6912.0,0.05260063
6913.0,6913.0,0.7431519
6914.0,6914.0,0.72894484
6915.0,6915.0,0.44185385
6916.0,6916.0,0.018041147
6917.0,6917.0,0.04034071
6918.0,6918.0,0.04982904
6919.0,6919.0,5.1757315E-6
6920.0,6920.0,0.3842639
6921.0,6921.0,0.790742
6922.0,6922.0,0.08419912
6923.0,6923.0,0.17348853
6924.0,6924.0,0.037969127
6925.0,6925.0,0.83264095
6926.0,6926.0,0.13923743
6927.0,6927.0,0.29162833
6928.0,6928.0,0.105480954
6929.0,6929.0,0.04527802
6930.0,6930.0,0.17974721
6931.0,6931.0,1.5021244E-4
6932.0,6932.0,0.8082768
6933.0,6933.0,0.06409969
6934.0,6934.0,0.06568387
6935.0,6935.0,0.63163424
6936.0,6936.0,0.08872661
6937.0,6937.0,0.31093964
6938.0,6938.0,0.022863276
6939.0,6939.0,0.49092326
6940.0,6940.0,0.052204754
6941.0,6941.0,0.08994686
6942.0,6942.0,0.040281586
6943.0,6943.0,0.10983419
6944.0,6944.0,0.3906344
6945.0,6945.0,0.73411894
6946.0,6946.0,0.2611328
6947.0,6947.0,0.73216736
6948.0,6948.0,0.70157737
6949.0,6949.0,0.20595874
6950.0,6950.0,0.28120315
6951.0,6951.0,8.158037E-4
6952.0,6952.0,0.7711071
6953.0,6953.0,0.36372963
6954.0,6954.0,0.06256082
6955.0,6955.0,0.793973
6956.0,6956.0,0.07946287
6957.0,6957.0,0.09334917
6958.0,6958.0,0.26388636
6959.0,6959.0,0.10029207
6960.0,6960.0,3.6687047E-6
6961.0,6961.0,0.7341735
6962.0,6962.0,0.09168466
6963.0,6963.0,0.8060543
6964.0,6964.0,0.09341694
6965.0,6965.0,0.09424111
6966.0,6966.0,0.048956607
6967.0,6967.0,0.48521718
6968.0,6968.0,0.35499927
6969.0,6969.0,0.123180956
6970.0,6970.0,0.11396914
6971.0,6971.0,0.7324912
6972.0,6972.0,0.84573025
6973.0,6973.0,0.016001852
6974.0,6974.0,0.18074484
6975.0,6975.0,0.702792
6976.0,6976.0,0.6232715
6977.0,6977.0,0.052740756
6978.0,6978.0,0.0845154
6979.0,6979.0,0.06273937
6980.0,6980.0,0.68693393
6981.0,6981.0,0.23615359
6982.0,6982.0,0.2519333
6983.0,6983.0,4.310857E-5
6984.0,6984.0,0.18527587
6985.0,6985.0,0.4667309
6986.0,6986.0,0.7639073
6987.0,6987.0,0.05968031
6988.0,6988.0,0.09097735
6989.0,6989.0,0.11907228
6990.0,6990.0,0.10946237
6991.0,6991.0,0.053357895
6992.0,6992.0,0.74537325
6993.0,6993.0,0.019735519
6994.0,6994.0,4.7566693E-5
6995.0,6995.0,0.4758815
6996.0,6996.0,0.07683806
6997.0,6997.0,0.14002198
6998.0,6998.0,0.0722081
6999.0,6999.0,0.16154654
7000.0,7000.0,0.034691732
7001.0,7001.0,0.15080418
7002.0,7002.0,0.68167114
7003.0,7003.0,0.7166427
7004.0,7004.0,0.1527721
7005.0,7005.0,0.78828895
7006.0,7006.0,7.0704984E-5
7007.0,7007.0,0.059654493
7008.0,7008.0,8.822577E-5
7009.0,7009.0,0.6626141
7010.0,7010.0,0.19823875
7011.0,7011.0,0.03764895
7012.0,7012.0,0.002359821
7013.0,7013.0,0.6622533
7014.0,7014.0,0.010056241
7015.0,7015.0,0.25369728
7016.0,7016.0,0.09508152
7017.0,7017.0,0.04273552
7018.0,7018.0,0.05880936
7019.0,7019.0,0.15427409
7020.0,7020.0,0.15165202
7021.0,7021.0,0.65110236
7022.0,7022.0,0.18876049
7023.0,7023.0,0.080513924
7024.0,7024.0,0.20690139
7025.0,7025.0,0.053500585
7026.0,7026.0,0.17180015
7027.0,7027.0,0.6772093
7028.0,7028.0,0.0019559318
7029.0,7029.0,0.058860417
7030.0,7030.0,5.4444507E-4
7031.0,7031.0,0.42675793
7032.0,7032.0,0.0689126
7033.0,7033.0,0.022289185
7034.0,7034.0,0.07841848
7035.0,7035.0,0.1336007
7036.0,7036.0,0.16432597
7037.0,7037.0,0.07801476
7038.0,7038.0,0.16919303
7039.0,7039.0,0.021318465
7040.0,7040.0,0.76342064
7041.0,7041.0,0.049641553
7042.0,7042.0,0.057154037
7043.0,7043.0,0.033013444
7044.0,7044.0,0.099975295
7045.0,7045.0,0.3021095
7046.0,7046.0,0.45638943
7047.0,7047.0,1.69416E-4
7048.0,7048.0,0.051192798
7049.0,7049.0,0.45654088
7050.0,7050.0,0.05028867
7051.0,7051.0,2.9787387E-5
7052.0,7052.0,0.6259069
7053.0,7053.0,0.1430273
7054.0,7054.0,0.08071981
7055.0,7055.0,0.050996326
7056.0,7056.0,0.104572825
7057.0,7057.0,0.61430335
7058.0,7058.0,0.7628388
7059.0,7059.0,0.22238289
7060.0,7060.0,9.044689E-5
7061.0,7061.0,0.046158355
7062.0,7062.0,0.027142392
7063.0,7063.0,3.4087218E-5
7064.0,7064.0,0.005524735
7065.0,7065.0,3.350264E-5
7066.0,7066.0,4.5480655E-4
7067.0,7067.0,0.23543163
7068.0,7068.0,0.09175706
7069.0,7069.0,0.083775565
7070.0,7070.0,0.7705807
7071.0,7071.0,0.33428943
7072.0,7072.0,0.2770847
7073.0,7073.0,0.058948297
7074.0,7074.0,0.7349188
7075.0,7075.0,0.72889876
7076.0,7076.0,0.16224834
7077.0,7077.0,4.6895116E-4
7078.0,7078.0,0.16144152
7079.0,7079.0,0.08752711
7080.0,7080.0,0.07418236
7081.0,7081.0,0.78757954
7082.0,7082.0,0.09038994
7083.0,7083.0,0.073431104
7084.0,7084.0,0.053555813
7085.0,7085.0,0.1054499
7086.0,7086.0,0.005317336
7087.0,7087.0,0.020288957
7088.0,7088.0,2.7329463E-4
7089.0,7089.0,0.12340946
7090.0,7090.0,0.09743607
7091.0,7091.0,0.012807139
7092.0,7092.0,7.39984E-6
7093.0,7093.0,0.2891215
7094.0,7094.0,0.15963206
7095.0,7095.0,0.18554294
7096.0,7096.0,0.6716577
7097.0,7097.0,0.7433014
7098.0,7098.0,0.0012496484
7099.0,7099.0,3.4036602E-5
7100.0,7100.0,0.13675813
7101.0,7101.0,0.19568466
7102.0,7102.0,0.014017364
7103.0,7103.0,0.058722135
7104.0,7104.0,0.038054254
7105.0,7105.0,0.10382363
7106.0,7106.0,8.5493544E-4
7107.0,7107.0,0.121229194
7108.0,7108.0,0.7814385
7109.0,7109.0,0.08749986
7110.0,7110.0,0.67988425
7111.0,7111.0,0.68531865
7112.0,7112.0,0.23970088
7113.0,7113.0,0.15908246
7114.0,7114.0,1.2582396E-4
7115.0,7115.0,0.20258743
7116.0,7116.0,0.76757216
7117.0,7117.0,1.901551E-5
7118.0,7118.0,0.24171402
7119.0,7119.0,0.1091134
7120.0,7120.0,0.0071239998
7121.0,7121.0,0.12077479
7122.0,7122.0,0.63545537
7123.0,7123.0,7.1717E-6
7124.0,7124.0,0.62827593
7125.0,7125.0,0.05295866
7126.0,7126.0,0.75040287
7127.0,7127.0,0.02942577
7128.0,7128.0,0.10082713
7129.0,7129.0,0.06173511
7130.0,7130.0,0.20746271
7131.0,7131.0,0.012705132
7132.0,7132.0,0.46479443
7133.0,7133.0,4.7864967E-5
7134.0,7134.0,0.14751539
7135.0,7135.0,0.42894146
7136.0,7136.0,0.09443038
7137.0,7137.0,0.054718368
7138.0,7138.0,0.10561299
7139.0,7139.0,0.057316203
7140.0,7140.0,0.265925
7141.0,7141.0,1.793963E-6
7142.0,7142.0,0.07819564
7143.0,7143.0,0.15840438
7144.0,7144.0,0.109513976
7145.0,7145.0,0.12760818
7146.0,7146.0,0.16093269
7147.0,7147.0,0.08318748
7148.0,7148.0,0.12853874
7149.0,7149.0,0.12649776
7150.0,7150.0,0.22022595
7151.0,7151.0,0.018552396
7152.0,7152.0,0.10521631
7153.0,7153.0,0.07037882
7154.0,7154.0,0.07782022
7155.0,7155.0,0.006389907
7156.0,7156.0,0.7135503
7157.0,7157.0,0.054625053
7158.0,7158.0,0.066452615
7159.0,7159.0,2.1615694E-4
7160.0,7160.0,0.024697991
7161.0,7161.0,0.25005475
7162.0,7162.0,0.008972829
7163.0,7163.0,0.070079885
7164.0,7164.0,0.73168606
7165.0,7165.0,0.062207446
7166.0,7166.0,0.23179978
7167.0,7167.0,0.8968746
7168.0,7168.0,0.04469588
7169.0,7169.0,0.6653524
7170.0,7170.0,0.13744862
7171.0,7171.0,0.53252953
7172.0,7172.0,0.15731472
7173.0,7173.0,0.26107374
7174.0,7174.0,0.065915324
7175.0,7175.0,0.017994843
7176.0,7176.0,0.087949224
7177.0,7177.0,0.0344203
7178.0,7178.0,0.17532487
7179.0,7179.0,0.048850007
7180.0,7180.0,0.11371339
7181.0,7181.0,0.10535979
7182.0,7182.0,0.21916486
7183.0,7183.0,0.07196032
7184.0,7184.0,0.707917
7185.0,7185.0,0.07612833
7186.0,7186.0,0.15425983
7187.0,7187.0,6.7807175E-4
7188.0,7188.0,0.100698106
7189.0,7189.0,7.970287E-6
7190.0,7190.0,0.019935273
7191.0,7191.0,0.18369894
7192.0,7192.0,0.12541118
7193.0,7193.0,0.011980999
7194.0,7194.0,0.0989115
7195.0,7195.0,0.1200422
7196.0,7196.0,0.49501184
7197.0,7197.0,0.0073810476
7198.0,7198.0,7.4556633E-6
7199.0,7199.0,3.988492E-5
7200.0,7200.0,0.29636976
7201.0,7201.0,0.73515695
7202.0,7202.0,0.036098897
7203.0,7203.0,0.21197425
7204.0,7204.0,0.059054084
7205.0,7205.0,0.023347184
7206.0,7206.0,0.07476104
7207.0,7207.0,0.06231794
7208.0,7208.0,0.060054492
7209.0,7209.0,0.0030548829
7210.0,7210.0,0.13790944
7211.0,7211.0,0.0030353537
7212.0,7212.0,0.019535324
7213.0,7213.0,0.070599064
7214.0,7214.0,0.0018154767
7215.0,7215.0,8.253999E-4
7216.0,7216.0,0.87234277
7217.0,7217.0,0.048522137
7218.0,7218.0,0.24755836
7219.0,7219.0,0.7294156
7220.0,7220.0,5.460397E-4
7221.0,7221.0,0.29310176
7222.0,7222.0,0.7227142
7223.0,7223.0,0.104143
7224.0,7224.0,0.32462102
7225.0,7225.0,0.13889039
7226.0,7226.0,0.33914378
7227.0,7227.0,0.67058367
7228.0,7228.0,8.8364776E-4
7229.0,7229.0,0.006515226
7230.0,7230.0,6.1374644E-6
7231.0,7231.0,0.66419095
7232.0,7232.0,0.107195556
7233.0,7233.0,0.09856459
7234.0,7234.0,0.08759038
7235.0,7235.0,0.08809139
7236.0,7236.0,0.04554835
7237.0,7237.0,0.32216302
7238.0,7238.0,0.21133609
7239.0,7239.0,0.09639397
7240.0,7240.0,0.10986264
7241.0,7241.0,0.13012134
7242.0,7242.0,0.021710051
7243.0,7243.0,0.10916409
7244.0,7244.0,0.42000756
7245.0,7245.0,0.18688412
7246.0,7246.0,0.7242108
7247.0,7247.0,0.074706584
7248.0,7248.0,0.1771713
7249.0,7249.0,0.7730364
7250.0,7250.0,0.051693305
7251.0,7251.0,0.08913049
7252.0,7252.0,0.12019939
7253.0,7253.0,0.26954582
7254.0,7254.0,0.7189351
7255.0,7255.0,0.112309724
7256.0,7256.0,1.9251202E-5
7257.0,7257.0,0.16252139
7258.0,7258.0,0.42440072
7259.0,7259.0,0.11998071
7260.0,7260.0,0.0019463925
7261.0,7261.0,0.24234363
7262.0,7262.0,0.03650122
7263.0,7263.0,0.1566121
7264.0,7264.0,0.08807314
7265.0,7265.0,0.11219484
7266.0,7266.0,0.38650694
7267.0,7267.0,0.18870312
7268.0,7268.0,0.07770355
7269.0,7269.0,0.07016458
7270.0,7270.0,1.15811206E-4
7271.0,7271.0,0.13421842
7272.0,7272.0,0.6396521
7273.0,7273.0,0.06539085
7274.0,7274.0,0.47474563
7275.0,7275.0,0.19203067
7276.0,7276.0,0.11744317
7277.0,7277.0,0.15838051
7278.0,7278.0,0.2369967
7279.0,7279.0,1.4654086E-4
7280.0,7280.0,0.08557165
7281.0,7281.0,0.41144708
7282.0,7282.0,0.6959942
7283.0,7283.0,0.020378217
7284.0,7284.0,0.046563182
7285.0,7285.0,0.053324834
7286.0,7286.0,0.0010462744
7287.0,7287.0,0.051146466
7288.0,7288.0,0.111961775
7289.0,7289.0,0.6194356
7290.0,7290.0,0.40407985
7291.0,7291.0,0.2669474
7292.0,7292.0,0.64714587
7293.0,7293.0,0.11032955
7294.0,7294.0,0.07086369
7295.0,7295.0,0.31682536
7296.0,7296.0,0.003421391
7297.0,7297.0,0.7793405
7298.0,7298.0,0.11947203
7299.0,7299.0,0.13083652
7300.0,7300.0,0.0048657404
7301.0,7301.0,0.77673733
7302.0,7302.0,0.71542805
7303.0,7303.0,0.086352
7304.0,7304.0,0.08169838
7305.0,7305.0,0.4295352
7306.0,7306.0,0.05186647
7307.0,7307.0,0.0625938
7308.0,7308.0,0.22273445
7309.0,7309.0,0.11444405
7310.0,7310.0,0.7624308
7311.0,7311.0,0.7275598
7312.0,7312.0,0.058665607
7313.0,7313.0,0.31960434
7314.0,7314.0,0.41314882
7315.0,7315.0,0.08122835
7316.0,7316.0,0.23937713
7317.0,7317.0,0.07506882
7318.0,7318.0,0.14997487
7319.0,7319.0,0.08926076
7320.0,7320.0,0.14710614
7321.0,7321.0,0.017575447
7322.0,7322.0,0.3981971
7323.0,7323.0,0.0045040133
7324.0,7324.0,0.043163206
7325.0,7325.0,0.055439685
7326.0,7326.0,0.09710486
7327.0,7327.0,0.053925484
7328.0,7328.0,0.003152568
7329.0,7329.0,0.054238237
7330.0,7330.0,0.061597582
7331.0,7331.0,0.06917292
7332.0,7332.0,0.8442648
7333.0,7333.0,0.68321943
7334.0,7334.0,0.15549284
7335.0,7335.0,0.10696827
7336.0,7336.0,0.07188757
7337.0,7337.0,0.07193813
7338.0,7338.0,0.5995155
7339.0,7339.0,6.240952E-5
7340.0,7340.0,0.05487519
7341.0,7341.0,0.025503045
7342.0,7342.0,0.021356206
7343.0,7343.0,0.11251627
7344.0,7344.0,3.8031078E-5
7345.0,7345.0,0.3310028
7346.0,7346.0,0.43161106
7347.0,7347.0,0.29312044
7348.0,7348.0,0.74529463
7349.0,7349.0,0.7280187
7350.0,7350.0,0.71681535
7351.0,7351.0,0.509404
7352.0,7352.0,0.12366642
7353.0,7353.0,0.021172453
7354.0,7354.0,0.50010586
7355.0,7355.0,0.76519334
7356.0,7356.0,0.098211765
7357.0,7357.0,0.063833684
7358.0,7358.0,0.06933229
7359.0,7359.0,6.224181E-7
7360.0,7360.0,0.18286805
7361.0,7361.0,0.039634734
7362.0,7362.0,0.50774413
7363.0,7363.0,0.27533275
7364.0,7364.0,1.9942881E-6
7365.0,7365.0,0.06977073
7366.0,7366.0,0.061806455
7367.0,7367.0,0.087398514
7368.0,7368.0,0.7729392
7369.0,7369.0,0.6320017
7370.0,7370.0,0.42750442
7371.0,7371.0,0.7455918
7372.0,7372.0,0.15044577
7373.0,7373.0,0.054408796
7374.0,7374.0,0.09702678
7375.0,7375.0,0.28290254
7376.0,7376.0,0.56004465
7377.0,7377.0,0.066021726
7378.0,7378.0,0.19534981
7379.0,7379.0,0.058512464
7380.0,7380.0,0.70896703
7381.0,7381.0,0.37950343
7382.0,7382.0,0.20691957
7383.0,7383.0,0.09632261
7384.0,7384.0,0.73394156
7385.0,7385.0,0.066625066
7386.0,7386.0,0.13389014
7387.0,7387.0,0.006426445
7388.0,7388.0,0.043960758
7389.0,7389.0,0.19904254
7390.0,7390.0,6.0141385E-5
7391.0,7391.0,0.20015177
7392.0,7392.0,0.09265863
7393.0,7393.0,0.08101518
7394.0,7394.0,0.07842979
7395.0,7395.0,0.05886042
7396.0,7396.0,0.18358468
7397.0,7397.0,0.08762814
7398.0,7398.0,0.04546445
7399.0,7399.0,9.6512225E-4
7400.0,7400.0,0.25434005
7401.0,7401.0,2.2330787E-4
7402.0,7402.0,0.6706077
7403.0,7403.0,0.41084605
7404.0,7404.0,0.0912615
7405.0,7405.0,0.035580944
7406.0,7406.0,0.053908534
7407.0,7407.0,0.8103636
7408.0,7408.0,0.040947437
7409.0,7409.0,0.09147266
7410.0,7410.0,0.44859743
7411.0,7411.0,0.4115018
7412.0,7412.0,0.07520969
7413.0,7413.0,0.7599341
7414.0,7414.0,0.4212715
7415.0,7415.0,0.79170465
7416.0,7416.0,2.645914E-4
7417.0,7417.0,0.76643306
7418.0,7418.0,0.01568145
7419.0,7419.0,0.2472924
7420.0,7420.0,0.075059704
7421.0,7421.0,0.011641629
7422.0,7422.0,0.2713203
7423.0,7423.0,0.2951492
7424.0,7424.0,0.14945185
7425.0,7425.0,0.17643006
7426.0,7426.0,0.3669544
7427.0,7427.0,0.20364061
7428.0,7428.0,0.11870549
7429.0,7429.0,0.009867631
7430.0,7430.0,3.0422048E-5
7431.0,7431.0,0.8745954
7432.0,7432.0,0.26922777
7433.0,7433.0,0.0072058225
7434.0,7434.0,0.090563424
7435.0,7435.0,0.75192183
7436.0,7436.0,0.20228526
7437.0,7437.0,0.038629405
7438.0,7438.0,0.15954125
7439.0,7439.0,0.027332846
7440.0,7440.0,0.33183447
7441.0,7441.0,0.20735039
7442.0,7442.0,0.123778984
7443.0,7443.0,2.7459646E-6
7444.0,7444.0,0.040222522
7445.0,7445.0,0.10794792
7446.0,7446.0,0.08872783
7447.0,7447.0,0.22179598
7448.0,7448.0,0.449107
7449.0,7449.0,0.3234992
7450.0,7450.0,0.6893149
7451.0,7451.0,2.6327134E-5
7452.0,7452.0,0.70691437
7453.0,7453.0,0.112081535
7454.0,7454.0,0.18282112
7455.0,7455.0,0.08166715
7456.0,7456.0,0.12646401
7457.0,7457.0,0.13463219
7458.0,7458.0,7.5112045E-4
7459.0,7459.0,0.12594886
7460.0,7460.0,0.15619412
7461.0,7461.0,0.778764
7462.0,7462.0,0.51711935
7463.0,7463.0,0.12731075
7464.0,7464.0,0.048855975
7465.0,7465.0,0.28021863
7466.0,7466.0,0.04749384
7467.0,7467.0,0.10552013
7468.0,7468.0,0.13625704
7469.0,7469.0,0.010115409
7470.0,7470.0,0.68878883
7471.0,7471.0,7.1716594E-4
7472.0,7472.0,0.09290032
7473.0,7473.0,0.78936785
7474.0,7474.0,0.006574273
7475.0,7475.0,0.35846928
7476.0,7476.0,0.04836937
7477.0,7477.0,0.03621512
7478.0,7478.0,0.75265944
7479.0,7479.0,0.03022906
7480.0,7480.0,0.4140514
7481.0,7481.0,9.045675E-6
7482.0,7482.0,0.6521601
7483.0,7483.0,0.7719881
7484.0,7484.0,0.06470924
7485.0,7485.0,1.2928094E-5
7486.0,7486.0,0.07332042
7487.0,7487.0,0.196557
7488.0,7488.0,0.06343858
7489.0,7489.0,0.032962687
7490.0,7490.0,0.07972485
7491.0,7491.0,0.7909801
7492.0,7492.0,0.76451397
7493.0,7493.0,0.024533832
7494.0,7494.0,0.4964736
7495.0,7495.0,6.955526E-5
7496.0,7496.0,0.04216307
7497.0,7497.0,0.16516834
7498.0,7498.0,0.18592697
7499.0,7499.0,0.07089769
7500.0,7500.0,0.76493436
7501.0,7501.0,0.07726042
7502.0,7502.0,0.06260984
7503.0,7503.0,0.8371951
7504.0,7504.0,0.19545923
7505.0,7505.0,0.09268489
7506.0,7506.0,0.08244405
7507.0,7507.0,0.21941607
7508.0,7508.0,0.7460606
7509.0,7509.0,0.08512444
7510.0,7510.0,0.026902836
7511.0,7511.0,0.03173627
7512.0,7512.0,0.3453123
7513.0,7513.0,0.011492004
7514.0,7514.0,0.6889877
7515.0,7515.0,0.0023327437
7516.0,7516.0,0.55898654
7517.0,7517.0,0.60905623
7518.0,7518.0,0.21514148
7519.0,7519.0,0.009081073
7520.0,7520.0,0.037726805
7521.0,7521.0,0.12827791
7522.0,7522.0,0.0038455403
7523.0,7523.0,0.08095344
7524.0,7524.0,0.08092495
7525.0,7525.0,0.23760532
7526.0,7526.0,0.024109555
7527.0,7527.0,0.17653865
7528.0,7528.0,0.16642927
7529.0,7529.0,0.12550999
7530.0,7530.0,0.11033188
7531.0,7531.0,0.067583844
7532.0,7532.0,0.10430799
7533.0,7533.0,0.12143782
7534.0,7534.0,9.432778E-5
7535.0,7535.0,0.16591364
7536.0,7536.0,0.08828345
7537.0,7537.0,0.016261207
7538.0,7538.0,0.11959783
7539.0,7539.0,9.298531E-5
7540.0,7540.0,0.134602
7541.0,7541.0,0.08930493
7542.0,7542.0,0.18748961
7543.0,7543.0,0.008244786
7544.0,7544.0,0.6127077
7545.0,7545.0,0.14571252
7546.0,7546.0,0.15836506
7547.0,7547.0,0.46273622
7548.0,7548.0,0.016682668
7549.0,7549.0,0.17704451
7550.0,7550.0,0.09432837
7551.0,7551.0,0.07535971
7552.0,7552.0,0.046737388
7553.0,7553.0,0.0068142996
7554.0,7554.0,0.08854395
7555.0,7555.0,0.042669676
7556.0,7556.0,0.017217107
7557.0,7557.0,0.74861383
7558.0,7558.0,0.08118743
7559.0,7559.0,0.079818316
7560.0,7560.0,0.008913204
7561.0,7561.0,0.06836958
7562.0,7562.0,0.24647202
7563.0,7563.0,0.12938966
7564.0,7564.0,0.0046668807
7565.0,7565.0,0.04930005
7566.0,7566.0,0.031749308
7567.0,7567.0,0.08336954
7568.0,7568.0,5.783791E-4
7569.0,7569.0,0.032466736
7570.0,7570.0,0.062388334
7571.0,7571.0,0.34816808
7572.0,7572.0,0.09713987
7573.0,7573.0,0.122888856
7574.0,7574.0,0.804877
7575.0,7575.0,9.218819E-6
7576.0,7576.0,0.059390962
7577.0,7577.0,0.7714676
7578.0,7578.0,0.39236593
7579.0,7579.0,0.090078615
7580.0,7580.0,1.02128586E-4
7581.0,7581.0,4.0044382E-4
7582.0,7582.0,0.16140835
7583.0,7583.0,0.048772708
7584.0,7584.0,0.10580415
7585.0,7585.0,0.14831172
7586.0,7586.0,0.07711197
7587.0,7587.0,0.40173218
7588.0,7588.0,0.021185236
7589.0,7589.0,0.08926292
7590.0,7590.0,0.80240476
7591.0,7591.0,0.08305432
7592.0,7592.0,2.0205758E-4
7593.0,7593.0,0.7982967
7594.0,7594.0,0.12979089
7595.0,7595.0,0.0537585
7596.0,7596.0,0.054897193
7597.0,7597.0,0.12942365
7598.0,7598.0,0.044514887
7599.0,7599.0,0.040965457
7600.0,7600.0,0.74065125
7601.0,7601.0,0.097143896
7602.0,7602.0,0.6812419
7603.0,7603.0,0.33468282
7604.0,7604.0,0.08873476
7605.0,7605.0,0.37821424
7606.0,7606.0,0.06866517
7607.0,7607.0,0.0011065538
7608.0,7608.0,0.041922577
7609.0,7609.0,0.12358501
7610.0,7610.0,0.09294837
7611.0,7611.0,0.7723469
7612.0,7612.0,0.0027380686
7613.0,7613.0,0.029819058
7614.0,7614.0,0.019213295
7615.0,7615.0,0.71329296
7616.0,7616.0,0.08563707
7617.0,7617.0,0.19680311
7618.0,7618.0,1.2278405E-4
7619.0,7619.0,0.21347216
7620.0,7620.0,0.08454436
7621.0,7621.0,0.0875826
7622.0,7622.0,0.6716426
7623.0,7623.0,0.1235644
7624.0,7624.0,0.28042048
7625.0,7625.0,0.017153159
7626.0,7626.0,0.08589838
7627.0,7627.0,0.22914729
7628.0,7628.0,0.35320836
7629.0,7629.0,3.20346E-4
7630.0,7630.0,0.37951124
7631.0,7631.0,0.70398563
7632.0,7632.0,2.7623624E-5
7633.0,7633.0,0.045938075
7634.0,7634.0,0.07700137
7635.0,7635.0,0.0425379
7636.0,7636.0,8.0286904E-4
7637.0,7637.0,7.199231E-5
7638.0,7638.0,0.14400502
7639.0,7639.0,1.6356133E-6
7640.0,7640.0,0.28484327
7641.0,7641.0,0.13134491
7642.0,7642.0,0.059358295
7643.0,7643.0,0.07059519
7644.0,7644.0,0.7193612
7645.0,7645.0,0.013725623
7646.0,7646.0,0.5233378
7647.0,7647.0,0.702913
7648.0,7648.0,0.6928901
7649.0,7649.0,0.7398595
7650.0,7650.0,0.162998
7651.0,7651.0,0.05623675
7652.0,7652.0,0.47479495
7653.0,7653.0,0.75590533
7654.0,7654.0,0.051246107
7655.0,7655.0,0.12971474
7656.0,7656.0,0.085375965
7657.0,7657.0,0.19940978
7658.0,7658.0,0.19453487
7659.0,7659.0,0.15505472
7660.0,7660.0,0.0598323
7661.0,7661.0,0.17430633
7662.0,7662.0,0.03607045
7663.0,7663.0,0.8034367
7664.0,7664.0,0.5370981
7665.0,7665.0,0.73269564
7666.0,7666.0,0.12799475
7667.0,7667.0,0.0074141547
7668.0,7668.0,0.12745266
7669.0,7669.0,0.62447816
7670.0,7670.0,0.7232149
7671.0,7671.0,0.059053432
7672.0,7672.0,0.027074905
7673.0,7673.0,0.23756786
7674.0,7674.0,0.7363131
7675.0,7675.0,0.079750925
7676.0,7676.0,0.07371067
7677.0,7677.0,0.27848244
7678.0,7678.0,0.035973262
7679.0,7679.0,0.17361999
7680.0,7680.0,0.33007556
7681.0,7681.0,0.24436623
7682.0,7682.0,0.04369894
7683.0,7683.0,0.08615539
7684.0,7684.0,0.078504324
7685.0,7685.0,0.062074177
7686.0,7686.0,5.4615382E-5
7687.0,7687.0,0.14032236
7688.0,7688.0,0.689746
7689.0,7689.0,0.13713267
7690.0,7690.0,0.102290355
7691.0,7691.0,0.0048418804
7692.0,7692.0,0.04230923
7693.0,7693.0,0.13050142
7694.0,7694.0,0.095596716
7695.0,7695.0,0.012984792
7696.0,7696.0,0.031351283
7697.0,7697.0,0.042291358
7698.0,7698.0,0.077143885
7699.0,7699.0,0.83654004
7700.0,7700.0,0.01310788
7701.0,7701.0,0.091801606
7702.0,7702.0,0.055212904
7703.0,7703.0,0.14344276
7704.0,7704.0,4.230956E-6
7705.0,7705.0,4.325047E-4
7706.0,7706.0,0.56327134
7707.0,7707.0,0.24987929
7708.0,7708.0,0.05902026
7709.0,7709.0,0.38611037
7710.0,7710.0,1.7160058E-4
7711.0,7711.0,0.2903446
7712.0,7712.0,0.10369634
7713.0,7713.0,0.1392193
7714.0,7714.0,0.0886432
7715.0,7715.0,0.18569519
7716.0,7716.0,0.48846608
7717.0,7717.0,0.070462145
7718.0,7718.0,0.21433565
7719.0,7719.0,0.5523441
7720.0,7720.0,0.7880862
7721.0,7721.0,0.1281676
7722.0,7722.0,0.09717803
7723.0,7723.0,0.096469976
7724.0,7724.0,0.31760374
7725.0,7725.0,0.115288645
7726.0,7726.0,0.18630461
7727.0,7727.0,0.18678917
7728.0,7728.0,3.2011012E-5
7729.0,7729.0,0.055215552
7730.0,7730.0,0.23779984
7731.0,7731.0,0.64196473
7732.0,7732.0,0.22606625
7733.0,7733.0,0.10321605
7734.0,7734.0,0.16037895
7735.0,7735.0,0.004131383
7736.0,7736.0,0.01279763
7737.0,7737.0,0.0824192
7738.0,7738.0,2.7450404E-5
7739.0,7739.0,0.02291129
7740.0,7740.0,0.0010405818
7741.0,7741.0,0.22956078
7742.0,7742.0,0.14702709
7743.0,7743.0,0.03424297
7744.0,7744.0,1.5755139E-4
7745.0,7745.0,2.2400016E-4
7746.0,7746.0,0.0645584
7747.0,7747.0,0.74035126
7748.0,7748.0,0.063908406
7749.0,7749.0,0.0498864
7750.0,7750.0,0.04098338
7751.0,7751.0,0.80436075
7752.0,7752.0,0.53584033
7753.0,7753.0,0.08042658
7754.0,7754.0,0.043886416
7755.0,7755.0,0.3403007
7756.0,7756.0,0.77444845
7757.0,7757.0,0.0022310677
7758.0,7758.0,0.0590899
7759.0,7759.0,0.057097193
7760.0,7760.0,0.07367271
7761.0,7761.0,0.2897062
7762.0,7762.0,0.19599606
7763.0,7763.0,0.13625707
7764.0,7764.0,0.12242242
7765.0,7765.0,0.1893112
7766.0,7766.0,0.071793675
7767.0,7767.0,0.598393
7768.0,7768.0,0.054620646
7769.0,7769.0,0.100081466
7770.0,7770.0,0.07551317
7771.0,7771.0,0.079165265
7772.0,7772.0,0.45458543
7773.0,7773.0,0.092758715
7774.0,7774.0,6.248638E-6
7775.0,7775.0,0.23960152
7776.0,7776.0,8.059407E-5
7777.0,7777.0,0.03406322
7778.0,7778.0,0.23201978
7779.0,7779.0,0.0055539995
7780.0,7780.0,0.0056919437
7781.0,7781.0,0.013738607
7782.0,7782.0,0.08286558
7783.0,7783.0,0.106178515
7784.0,7784.0,0.03541356
7785.0,7785.0,0.1325487
7786.0,7786.0,0.09043392
7787.0,7787.0,0.04245769
7788.0,7788.0,1.0433133E-4
7789.0,7789.0,0.69037753
7790.0,7790.0,0.1299524
7791.0,7791.0,0.010866413
7792.0,7792.0,0.28014478
7793.0,7793.0,0.06997721
7794.0,7794.0,0.027231632
7795.0,7795.0,0.07152188
7796.0,7796.0,0.48582712
7797.0,7797.0,0.08818029
7798.0,7798.0,0.08181258
7799.0,7799.0,0.21631701
7800.0,7800.0,0.51458067
7801.0,7801.0,3.3653443E-4
7802.0,7802.0,0.07030356
7803.0,7803.0,0.7960738
7804.0,7804.0,0.097975016
7805.0,7805.0,0.04723689
7806.0,7806.0,0.040536657
7807.0,7807.0,0.057581536
7808.0,7808.0,0.11026432
7809.0,7809.0,2.6918835E-6
7810.0,7810.0,0.08859295
7811.0,7811.0,0.2178167
7812.0,7812.0,1.21998375E-4
7813.0,7813.0,0.2521973
7814.0,7814.0,0.019498529
7815.0,7815.0,0.028222604
7816.0,7816.0,0.0436965
7817.0,7817.0,0.52132976
7818.0,7818.0,0.100248635
7819.0,7819.0,0.04979064
7820.0,7820.0,0.06624545
7821.0,7821.0,0.035354562
7822.0,7822.0,0.01395565
7823.0,7823.0,0.43672422
7824.0,7824.0,0.08126067
7825.0,7825.0,0.056563713
7826.0,7826.0,0.11959883
7827.0,7827.0,0.17773311
7828.0,7828.0,0.17104594
7829.0,7829.0,0.1781514
7830.0,7830.0,0.6996289
7831.0,7831.0,0.06443019
7832.0,7832.0,0.03089168
7833.0,7833.0,2.094187E-5
7834.0,7834.0,0.09607588
7835.0,7835.0,0.4258798
7836.0,7836.0,0.7182781
7837.0,7837.0,0.18926837
7838.0,7838.0,0.10889128
7839.0,7839.0,0.7125148
7840.0,7840.0,0.0011071874
7841.0,7841.0,0.10300873
7842.0,7842.0,0.65728426
7843.0,7843.0,0.044459857
7844.0,7844.0,0.74512243
7845.0,7845.0,0.23541664
7846.0,7846.0,0.7272471
7847.0,7847.0,0.09008663
7848.0,7848.0,0.05775513
7849.0,7849.0,0.07313257
7850.0,7850.0,0.12843697
7851.0,7851.0,0.08640517
7852.0,7852.0,0.06798541
7853.0,7853.0,0.06197189
7854.0,7854.0,6.213109E-4
7855.0,7855.0,0.12176406
7856.0,7856.0,0.05777521
7857.0,7857.0,5.2724292E-5
7858.0,7858.0,0.0776135
7859.0,7859.0,0.178626
7860.0,7860.0,0.16676953
7861.0,7861.0,0.056737795
7862.0,7862.0,0.20179762
7863.0,7863.0,0.059288934
7864.0,7864.0,0.074727185
7865.0,7865.0,0.6751354
7866.0,7866.0,0.13923076
7867.0,7867.0,0.091873825
7868.0,7868.0,0.18019582
7869.0,7869.0,0.29265365
7870.0,7870.0,0.4412141
7871.0,7871.0,1.520308E-6
7872.0,7872.0,0.026170103
7873.0,7873.0,0.0012306281
7874.0,7874.0,0.5621892
7875.0,7875.0,0.11870264
7876.0,7876.0,2.8216367E-5
7877.0,7877.0,0.08196602
7878.0,7878.0,0.03864614
7879.0,7879.0,0.0013526981
7880.0,7880.0,0.06821839
7881.0,7881.0,0.68234724
7882.0,7882.0,0.0056374487
7883.0,7883.0,0.049811758
7884.0,7884.0,0.19947192
7885.0,7885.0,0.0287199
7886.0,7886.0,0.08735997
7887.0,7887.0,0.07256122
7888.0,7888.0,0.7495129
7889.0,7889.0,3.0885678E-6
7890.0,7890.0,0.22021912
7891.0,7891.0,0.058747165
7892.0,7892.0,0.75290877
7893.0,7893.0,0.17914337
7894.0,7894.0,0.11199756
7895.0,7895.0,0.02233529
7896.0,7896.0,0.1518038
7897.0,7897.0,0.12523474
7898.0,7898.0,0.76925564
7899.0,7899.0,0.13283014
7900.0,7900.0,0.38901561
7901.0,7901.0,0.054444276
7902.0,7902.0,7.969627E-4
7903.0,7903.0,0.057004675
7904.0,7904.0,0.04455793
7905.0,7905.0,0.66891533
7906.0,7906.0,0.17541052
7907.0,7907.0,0.1914199
7908.0,7908.0,0.037762526
7909.0,7909.0,0.09693803
7910.0,7910.0,0.78466725
7911.0,7911.0,0.09886923
7912.0,7912.0,0.0833348
7913.0,7913.0,0.32994938
7914.0,7914.0,0.068609394
7915.0,7915.0,0.20770854
7916.0,7916.0,0.078841105
7917.0,7917.0,0.10675833
7918.0,7918.0,0.09191828
7919.0,7919.0,0.013377811
7920.0,7920.0,0.08746541
7921.0,7921.0,0.08760526
7922.0,7922.0,0.06067456
7923.0,7923.0,1.5658756E-4
7924.0,7924.0,0.0023103014
7925.0,7925.0,0.0089738
7926.0,7926.0,0.0495919
7927.0,7927.0,0.06047867
7928.0,7928.0,0.03402491
7929.0,7929.0,0.06747048
7930.0,7930.0,0.078605294
7931.0,7931.0,0.3300166
7932.0,7932.0,0.78888327
7933.0,7933.0,0.21505575
7934.0,7934.0,0.054382395
7935.0,7935.0,0.16111118
7936.0,7936.0,0.0894173
7937.0,7937.0,0.30039352
7938.0,7938.0,0.23497483
7939.0,7939.0,0.37007907
7940.0,7940.0,0.0510164
7941.0,7941.0,0.1148526
7942.0,7942.0,0.17996746
7943.0,7943.0,0.64980686
7944.0,7944.0,0.26129112
7945.0,7945.0,0.13483803
7946.0,7946.0,0.23499377
7947.0,7947.0,3.1225084E-4
7948.0,7948.0,0.7683326
7949.0,7949.0,0.04194579
7950.0,7950.0,0.17968799
7951.0,7951.0,9.0575406E-5
7952.0,7952.0,0.06781852
7953.0,7953.0,0.24723682
7954.0,7954.0,0.113937266
7955.0,7955.0,0.102190234
7956.0,7956.0,0.15757875
7957.0,7957.0,0.028901227
7958.0,7958.0,0.8434481
7959.0,7959.0,0.07136574
7960.0,7960.0,0.0054947035
7961.0,7961.0,0.10544625
7962.0,7962.0,0.05562853
7963.0,7963.0,0.05489824
7964.0,7964.0,0.062100373
7965.0,7965.0,1.678922E-5
7966.0,7966.0,0.7552247
7967.0,7967.0,0.03689641
7968.0,7968.0,0.7676714
7969.0,7969.0,0.10506797
7970.0,7970.0,0.00687641
7971.0,7971.0,0.23751302
7972.0,7972.0,0.012143543
7973.0,7973.0,0.15643962
7974.0,7974.0,0.076931335
7975.0,7975.0,0.20655401
7976.0,7976.0,0.05088474
7977.0,7977.0,0.030496135
7978.0,7978.0,0.5880835
7979.0,7979.0,0.05556039
7980.0,7980.0,0.6856269
7981.0,7981.0,3.7362182E-4
7982.0,7982.0,0.044957105
7983.0,7983.0,0.020157438
7984.0,7984.0,0.8042937
7985.0,7985.0,0.10721619
7986.0,7986.0,0.21917103
7987.0,7987.0,0.08204202
7988.0,7988.0,0.41516382
7989.0,7989.0,0.043330662
7990.0,7990.0,0.32209438
7991.0,7991.0,0.08858795
7992.0,7992.0,0.14928412
7993.0,7993.0,0.074199945
7994.0,7994.0,4.5374566E-4
7995.0,7995.0,0.07430969
7996.0,7996.0,0.08230894
7997.0,7997.0,0.5461632
7998.0,7998.0,0.077910766
7999.0,7999.0,1.3577714E-5
8000.0,8000.0,0.13914669
8001.0,8001.0,0.005734881
8002.0,8002.0,0.18642747
8003.0,8003.0,0.74974084
8004.0,8004.0,0.08760129
8005.0,8005.0,0.004848958
8006.0,8006.0,0.15520681
8007.0,8007.0,0.09242774
8008.0,8008.0,0.04116011
8009.0,8009.0,0.15991269
8010.0,8010.0,0.04401475
8011.0,8011.0,0.004314612
8012.0,8012.0,0.7152261
8013.0,8013.0,0.20346355
8014.0,8014.0,3.607617E-4
8015.0,8015.0,0.002978756
8016.0,8016.0,0.71796775
8017.0,8017.0,0.09054016
8018.0,8018.0,0.038636256
8019.0,8019.0,0.099631
8020.0,8020.0,0.067010306
8021.0,8021.0,0.06184759
8022.0,8022.0,0.0070584756
8023.0,8023.0,0.08304615
8024.0,8024.0,0.038372703
8025.0,8025.0,0.77750295
8026.0,8026.0,0.028412897
8027.0,8027.0,0.106221944
8028.0,8028.0,0.08229976
8029.0,8029.0,2.1976735E-4
8030.0,8030.0,0.047817558
8031.0,8031.0,0.06364705
8032.0,8032.0,0.0060263984
8033.0,8033.0,0.045241605
8034.0,8034.0,0.0027808493
8035.0,8035.0,6.7588687E-4
8036.0,8036.0,0.40119922
8037.0,8037.0,1.4164999E-4
8038.0,8038.0,0.07744585
8039.0,8039.0,0.10110281
8040.0,8040.0,0.07309133
8041.0,8041.0,0.19601041
8042.0,8042.0,0.09044232
8043.0,8043.0,4.0151965E-4
8044.0,8044.0,7.5889166E-6
8045.0,8045.0,0.06284671
8046.0,8046.0,0.035203822
8047.0,8047.0,0.0795869
8048.0,8048.0,0.22931698
8049.0,8049.0,0.5063101
8050.0,8050.0,0.09386507
8051.0,8051.0,0.44319737
8052.0,8052.0,0.7668298
8053.0,8053.0,0.0044024265
8054.0,8054.0,0.109001145
8055.0,8055.0,0.071239285
8056.0,8056.0,0.38329616
8057.0,8057.0,0.068542056
8058.0,8058.0,0.08528611
8059.0,8059.0,0.07048496
8060.0,8060.0,5.2867277E-4
8061.0,8061.0,4.4678448E-4
8062.0,8062.0,0.7224365
8063.0,8063.0,0.025263848
8064.0,8064.0,0.060734525
8065.0,8065.0,0.0028723588
8066.0,8066.0,0.19896933
8067.0,8067.0,0.08379651
8068.0,8068.0,3.5490175E-5
8069.0,8069.0,0.050843395
8070.0,8070.0,0.06332269
8071.0,8071.0,0.7752615
8072.0,8072.0,0.041496836
8073.0,8073.0,2.4505866E-6
8074.0,8074.0,0.010311966
8075.0,8075.0,0.21424562
8076.0,8076.0,0.06129977
8077.0,8077.0,0.0752903
8078.0,8078.0,9.34408E-6
8079.0,8079.0,0.15222687
8080.0,8080.0,0.47430542
8081.0,8081.0,0.05834921
8082.0,8082.0,0.056759283
8083.0,8083.0,0.004338049
8084.0,8084.0,0.3520759
8085.0,8085.0,0.70734274
8086.0,8086.0,0.38583562
8087.0,8087.0,0.7162115
8088.0,8088.0,0.369478
8089.0,8089.0,0.23938416
8090.0,8090.0,0.21705112
8091.0,8091.0,0.03946838
8092.0,8092.0,0.13398059
8093.0,8093.0,0.03225973
8094.0,8094.0,0.13651785
8095.0,8095.0,0.3111034
8096.0,8096.0,0.09844008
8097.0,8097.0,0.74562633
8098.0,8098.0,0.01196937
8099.0,8099.0,0.0070296205
8100.0,8100.0,2.5151342E-6
8101.0,8101.0,0.26527292
8102.0,8102.0,0.11753227
8103.0,8103.0,0.18136542
8104.0,8104.0,0.08418853
8105.0,8105.0,0.775918
8106.0,8106.0,0.111647844
8107.0,8107.0,0.5483985
8108.0,8108.0,0.0034121254
8109.0,8109.0,0.035869393
8110.0,8110.0,0.7513545
8111.0,8111.0,0.7723764
8112.0,8112.0,0.13189591
8113.0,8113.0,0.16778512
8114.0,8114.0,0.7829567
8115.0,8115.0,0.14712025
8116.0,8116.0,0.08090054
8117.0,8117.0,0.07606438
8118.0,8118.0,0.18712848
8119.0,8119.0,0.0679874
8120.0,8120.0,0.46283424
8121.0,8121.0,0.06937063
8122.0,8122.0,0.21493514
8123.0,8123.0,0.13253367
8124.0,8124.0,0.7773
8125.0,8125.0,0.53897035
8126.0,8126.0,9.935901E-4
8127.0,8127.0,0.16655548
8128.0,8128.0,0.59683174
8129.0,8129.0,3.3193048E-6
8130.0,8130.0,0.16165838
8131.0,8131.0,0.018098628
8132.0,8132.0,0.05955397
8133.0,8133.0,0.36874324
8134.0,8134.0,0.088843785
8135.0,8135.0,0.26247346
8136.0,8136.0,0.37739393
8137.0,8137.0,0.23489513
8138.0,8138.0,0.08027898
8139.0,8139.0,0.06626987
8140.0,8140.0,0.7886773
8141.0,8141.0,0.07101041
8142.0,8142.0,0.36958146
8143.0,8143.0,0.08912157
8144.0,8144.0,0.058501776
8145.0,8145.0,6.973226E-4
8146.0,8146.0,0.08294333
8147.0,8147.0,0.083671995
8148.0,8148.0,0.12121795
8149.0,8149.0,0.032322347
8150.0,8150.0,0.18426207
8151.0,8151.0,0.09042436
8152.0,8152.0,5.5729306E-5
8153.0,8153.0,0.120329574
8154.0,8154.0,0.58360344
8155.0,8155.0,0.44344577
8156.0,8156.0,0.10243813
8157.0,8157.0,0.80802596
8158.0,8158.0,0.14176546
8159.0,8159.0,0.114403784
8160.0,8160.0,0.10367677
8161.0,8161.0,0.88995445
8162.0,8162.0,0.06809138
8163.0,8163.0,0.12199688
8164.0,8164.0,4.4323504E-5
8165.0,8165.0,0.7499014
8166.0,8166.0,0.79842705
8167.0,8167.0,0.8032071
8168.0,8168.0,0.054909866
8169.0,8169.0,0.18377581
8170.0,8170.0,0.14868174
8171.0,8171.0,0.030640064
8172.0,8172.0,0.044417363
8173.0,8173.0,0.0019723852
8174.0,8174.0,0.030261515
8175.0,8175.0,0.18596858
8176.0,8176.0,0.036419325
8177.0,8177.0,0.267792
8178.0,8178.0,0.7316411
8179.0,8179.0,0.27989095
8180.0,8180.0,0.81544423
8181.0,8181.0,0.08670303
8182.0,8182.0,0.7994782
8183.0,8183.0,0.2797462
8184.0,8184.0,0.11854698
8185.0,8185.0,0.08916231
8186.0,8186.0,0.096123666
8187.0,8187.0,3.000646E-4
8188.0,8188.0,0.09702536
8189.0,8189.0,0.011943342
8190.0,8190.0,0.27241978
8191.0,8191.0,0.083419405
8192.0,8192.0,0.038545303
8193.0,8193.0,0.10605935
8194.0,8194.0,0.08278999
8195.0,8195.0,0.09709315
8196.0,8196.0,0.028431054
8197.0,8197.0,0.046341166
8198.0,8198.0,0.6755701
8199.0,8199.0,0.21170147
8200.0,8200.0,0.109068476
8201.0,8201.0,0.0015313554
8202.0,8202.0,0.0017348985
8203.0,8203.0,0.02418774
8204.0,8204.0,0.19900142
8205.0,8205.0,0.19042246
8206.0,8206.0,0.052437566
8207.0,8207.0,0.055837937
8208.0,8208.0,0.1451696
8209.0,8209.0,0.029149376
8210.0,8210.0,5.9087735E-5
8211.0,8211.0,3.8251488E-5
8212.0,8212.0,0.20520328
8213.0,8213.0,0.0077238623
8214.0,8214.0,0.7366832
8215.0,8215.0,0.8047085
8216.0,8216.0,0.06992022
8217.0,8217.0,1.694806E-5
8218.0,8218.0,0.45208132
8219.0,8219.0,0.18243454
8220.0,8220.0,0.23507889
8221.0,8221.0,0.5743971
8222.0,8222.0,0.12089901
8223.0,8223.0,0.17410208
8224.0,8224.0,0.83298683
8225.0,8225.0,0.53095317
8226.0,8226.0,0.06660254
8227.0,8227.0,0.8201095
8228.0,8228.0,0.10222934
8229.0,8229.0,0.029614255
8230.0,8230.0,0.6464956
8231.0,8231.0,0.792511
8232.0,8232.0,0.7234825
8233.0,8233.0,0.33492798
8234.0,8234.0,0.0037442946
8235.0,8235.0,0.021350872
8236.0,8236.0,1.1521115E-4
8237.0,8237.0,0.6833601
8238.0,8238.0,0.03087741
8239.0,8239.0,0.07205589
8240.0,8240.0,0.18412761
8241.0,8241.0,0.0031706556
8242.0,8242.0,0.6400647
8243.0,8243.0,0.092118055
8244.0,8244.0,0.0805226
8245.0,8245.0,0.04323439
8246.0,8246.0,0.06512696
8247.0,8247.0,0.3208246
8248.0,8248.0,0.07757662
8249.0,8249.0,0.3944863
8250.0,8250.0,0.045152724
8251.0,8251.0,0.36829957
8252.0,8252.0,1.704675E-5
8253.0,8253.0,0.18496084
8254.0,8254.0,0.19427928
8255.0,8255.0,0.07149603
8256.0,8256.0,0.11384583
8257.0,8257.0,0.0012388276
8258.0,8258.0,0.08694092
8259.0,8259.0,0.46141952
8260.0,8260.0,0.39453167
8261.0,8261.0,0.093004696
8262.0,8262.0,0.08921633
8263.0,8263.0,0.08014264
8264.0,8264.0,0.63569087
8265.0,8265.0,0.19571212
8266.0,8266.0,0.3677542
8267.0,8267.0,0.08448547
8268.0,8268.0,0.07173901
8269.0,8269.0,0.73251104
8270.0,8270.0,0.784596
8271.0,8271.0,0.07387385
8272.0,8272.0,0.12468445
8273.0,8273.0,0.027152145
8274.0,8274.0,0.14665942
8275.0,8275.0,0.030930648
8276.0,8276.0,0.11837942
8277.0,8277.0,0.24249744
8278.0,8278.0,0.13888049
8279.0,8279.0,0.027882019
8280.0,8280.0,0.03039005
8281.0,8281.0,0.10430965
8282.0,8282.0,0.07090612
8283.0,8283.0,0.11090344
8284.0,8284.0,0.09095576
8285.0,8285.0,4.117447E-4
8286.0,8286.0,0.09683052
8287.0,8287.0,3.5929113E-6
8288.0,8288.0,0.0066736224
8289.0,8289.0,8.5269596E-4
8290.0,8290.0,0.09225806
8291.0,8291.0,0.08247452
8292.0,8292.0,6.10917E-6
8293.0,8293.0,0.002958189
8294.0,8294.0,0.11103518
8295.0,8295.0,0.07770658
8296.0,8296.0,3.034584E-5
8297.0,8297.0,0.24133666
8298.0,8298.0,0.1984332
8299.0,8299.0,7.0275494E-4
8300.0,8300.0,0.0021616216
8301.0,8301.0,0.04943071
8302.0,8302.0,0.08357226
8303.0,8303.0,0.6740673
8304.0,8304.0,0.001807139
8305.0,8305.0,0.34252062
8306.0,8306.0,0.051780302
8307.0,8307.0,0.41417325
8308.0,8308.0,0.06277193
8309.0,8309.0,0.12609847
8310.0,8310.0,0.34911838
8311.0,8311.0,0.09108303
8312.0,8312.0,0.17992383
8313.0,8313.0,0.7240649
8314.0,8314.0,0.72650355
8315.0,8315.0,0.12699209
8316.0,8316.0,0.10287166
8317.0,8317.0,5.6173844E-6
8318.0,8318.0,0.0027197986
8319.0,8319.0,0.0050979634
8320.0,8320.0,0.4149745
8321.0,8321.0,0.13830484
8322.0,8322.0,0.08843786
8323.0,8323.0,0.21621165
8324.0,8324.0,0.76394284
8325.0,8325.0,0.12869513
8326.0,8326.0,0.22046353
8327.0,8327.0,0.10019917
8328.0,8328.0,0.08155696
8329.0,8329.0,0.7757864
8330.0,8330.0,0.047032304
8331.0,8331.0,0.06014928
8332.0,8332.0,0.07650477
8333.0,8333.0,0.8005877
8334.0,8334.0,0.08848898
8335.0,8335.0,6.981826E-5
8336.0,8336.0,0.19009125
8337.0,8337.0,0.07833281
8338.0,8338.0,0.02219652
8339.0,8339.0,0.009335266
8340.0,8340.0,0.09425097
8341.0,8341.0,0.020401241
8342.0,8342.0,0.63695586
8343.0,8343.0,0.7137225
8344.0,8344.0,0.020799205
8345.0,8345.0,5.099312E-5
8346.0,8346.0,0.0073238006
8347.0,8347.0,0.1588727
8348.0,8348.0,0.5139341
8349.0,8349.0,2.5987081E-5
8350.0,8350.0,0.17075297
8351.0,8351.0,0.18337008
8352.0,8352.0,0.034987524
8353.0,8353.0,0.09537805
8354.0,8354.0,5.0790946E-5
8355.0,8355.0,0.043009017
8356.0,8356.0,0.09427216
8357.0,8357.0,0.068188384
8358.0,8358.0,0.1767292
8359.0,8359.0,4.8384737E-4
8360.0,8360.0,8.1402954E-4
8361.0,8361.0,0.07131183
8362.0,8362.0,0.730311
8363.0,8363.0,0.15033653
8364.0,8364.0,0.11684963
8365.0,8365.0,0.65379316
8366.0,8366.0,5.9827224E-5
8367.0,8367.0,0.23022994
8368.0,8368.0,0.6111276
8369.0,8369.0,2.5659305E-4
8370.0,8370.0,0.1259829
8371.0,8371.0,0.100511335
8372.0,8372.0,0.048282728
8373.0,8373.0,0.19040443
8374.0,8374.0,0.036323514
8375.0,8375.0,0.089537196
8376.0,8376.0,0.17730567
8377.0,8377.0,0.06592695
8378.0,8378.0,0.5056168
8379.0,8379.0,0.09111494
8380.0,8380.0,0.12130086
8381.0,8381.0,0.80309385
8382.0,8382.0,0.12310439
8383.0,8383.0,0.23618731
8384.0,8384.0,0.13636485
8385.0,8385.0,0.07445903
8386.0,8386.0,0.18679108
8387.0,8387.0,0.10245098
8388.0,8388.0,0.09629064
8389.0,8389.0,0.08359768
8390.0,8390.0,0.04330035
8391.0,8391.0,0.05889965
8392.0,8392.0,0.06195459
8393.0,8393.0,9.669653E-5
8394.0,8394.0,0.1679909
8395.0,8395.0,0.16917199
8396.0,8396.0,1.4791939E-5
8397.0,8397.0,0.066611275
8398.0,8398.0,0.0044544037
8399.0,8399.0,0.048846748
8400.0,8400.0,0.21710913
8401.0,8401.0,0.072395675
8402.0,8402.0,0.190842
8403.0,8403.0,0.104974546
8404.0,8404.0,0.16644976
8405.0,8405.0,0.042037982
8406.0,8406.0,0.021759044
8407.0,8407.0,0.5330906
8408.0,8408.0,0.14754991
8409.0,8409.0,0.25825408
8410.0,8410.0,0.7608628
8411.0,8411.0,0.23897034
8412.0,8412.0,0.62513465
8413.0,8413.0,0.005000002
8414.0,8414.0,0.33139816
8415.0,8415.0,0.0029062612
8416.0,8416.0,3.193122E-5
8417.0,8417.0,0.6838164
8418.0,8418.0,0.026027137
8419.0,8419.0,0.5412244
8420.0,8420.0,0.35806265
8421.0,8421.0,0.35696784
8422.0,8422.0,0.054373115
8423.0,8423.0,0.8506706
8424.0,8424.0,0.07853452
8425.0,8425.0,0.53489476
8426.0,8426.0,0.08443181
8427.0,8427.0,0.73181546
8428.0,8428.0,0.09790781
8429.0,8429.0,0.091377236
8430.0,8430.0,0.2811636
8431.0,8431.0,0.07133602
8432.0,8432.0,0.056235623
8433.0,8433.0,0.7128139
8434.0,8434.0,0.06946765
8435.0,8435.0,0.06522926
8436.0,8436.0,0.083518416
8437.0,8437.0,0.39102897
8438.0,8438.0,0.16792214
8439.0,8439.0,0.5348091
8440.0,8440.0,0.10151234
8441.0,8441.0,0.065739125
8442.0,8442.0,0.050708666
8443.0,8443.0,0.07055846
8444.0,8444.0,0.10613088
8445.0,8445.0,0.4468535
8446.0,8446.0,0.04789151
8447.0,8447.0,0.0348204
8448.0,8448.0,0.5172536
8449.0,8449.0,0.08025684
8450.0,8450.0,0.79809195
8451.0,8451.0,0.039222885
8452.0,8452.0,0.09537707
8453.0,8453.0,0.12094559
8454.0,8454.0,0.10637308
8455.0,8455.0,0.32409617
8456.0,8456.0,0.0993052
8457.0,8457.0,0.7605761
8458.0,8458.0,0.1689027
8459.0,8459.0,0.15812618
8460.0,8460.0,0.0032429986
8461.0,8461.0,0.08818324
8462.0,8462.0,0.2072186
8463.0,8463.0,0.039906643
8464.0,8464.0,0.10357641
8465.0,8465.0,0.038354
8466.0,8466.0,0.31777626
8467.0,8467.0,0.0061080237
8468.0,8468.0,0.25967997
8469.0,8469.0,3.7690806E-5
8470.0,8470.0,0.11384426
8471.0,8471.0,0.2411724
8472.0,8472.0,0.004233338
8473.0,8473.0,0.04300413
8474.0,8474.0,0.00862969
8475.0,8475.0,0.041258674
8476.0,8476.0,0.047048546
8477.0,8477.0,0.67618304
8478.0,8478.0,0.03031319
8479.0,8479.0,0.15208125
8480.0,8480.0,0.08711794
8481.0,8481.0,0.2727487
8482.0,8482.0,0.060629494
8483.0,8483.0,0.09770603
8484.0,8484.0,0.75655484
8485.0,8485.0,0.098965086
8486.0,8486.0,1.8950252E-4
8487.0,8487.0,0.068649694
8488.0,8488.0,0.773595
8489.0,8489.0,0.10765955
8490.0,8490.0,0.22730054
8491.0,8491.0,0.656254
8492.0,8492.0,0.3788607
8493.0,8493.0,0.0031427152
8494.0,8494.0,0.036843587
8495.0,8495.0,4.840183E-6
8496.0,8496.0,0.7069582
8497.0,8497.0,0.07359651
8498.0,8498.0,0.018057702
8499.0,8499.0,0.3147011
8500.0,8500.0,0.6916933
8501.0,8501.0,0.16275595
8502.0,8502.0,0.14522034
8503.0,8503.0,0.12530665
8504.0,8504.0,0.0073303417
8505.0,8505.0,1.4394385E-4
8506.0,8506.0,0.035829253
8507.0,8507.0,0.029694024
8508.0,8508.0,0.08993333
8509.0,8509.0,1.0188865E-5
8510.0,8510.0,0.12221413
8511.0,8511.0,0.07107198
8512.0,8512.0,0.005765382
8513.0,8513.0,0.058760863
8514.0,8514.0,0.3436665
8515.0,8515.0,2.8637872E-4
8516.0,8516.0,0.06487578
8517.0,8517.0,0.12038543
8518.0,8518.0,0.67466056
8519.0,8519.0,4.8454222E-4
8520.0,8520.0,0.24129935
8521.0,8521.0,0.023533352
8522.0,8522.0,0.33216453
8523.0,8523.0,0.1427328
8524.0,8524.0,0.035176862
8525.0,8525.0,0.15108243
8526.0,8526.0,0.12476888
8527.0,8527.0,0.06236751
8528.0,8528.0,0.37553918
8529.0,8529.0,0.19760151
8530.0,8530.0,0.18682528
8531.0,8531.0,0.06535938
8532.0,8532.0,0.440876
8533.0,8533.0,0.7609023
8534.0,8534.0,0.012469428
8535.0,8535.0,0.11546794
8536.0,8536.0,0.13489974
8537.0,8537.0,0.0042251083
8538.0,8538.0,0.06947812
8539.0,8539.0,0.23166569
8540.0,8540.0,0.110406205
8541.0,8541.0,0.19570552
8542.0,8542.0,0.4576575
8543.0,8543.0,0.002008691
8544.0,8544.0,0.038354293
8545.0,8545.0,0.040713225
8546.0,8546.0,0.010479386
8547.0,8547.0,0.059326466
8548.0,8548.0,0.16911079
8549.0,8549.0,0.51781654
8550.0,8550.0,0.07774109
8551.0,8551.0,6.79839E-4
8552.0,8552.0,0.1447179
8553.0,8553.0,0.054782085
8554.0,8554.0,0.10125412
8555.0,8555.0,0.7619246
8556.0,8556.0,0.10225133
8557.0,8557.0,0.0062081837
8558.0,8558.0,0.10199428
8559.0,8559.0,0.024144476
8560.0,8560.0,3.9742637E-5
8561.0,8561.0,0.0013314497
8562.0,8562.0,0.031611495
8563.0,8563.0,2.1424453E-6
8564.0,8564.0,0.035856765
8565.0,8565.0,2.1529655E-5
8566.0,8566.0,0.15855527
8567.0,8567.0,0.37830812
8568.0,8568.0,0.004617215
8569.0,8569.0,0.21008629
8570.0,8570.0,0.14691876
8571.0,8571.0,0.7615957
8572.0,8572.0,0.67808956
8573.0,8573.0,0.08385158
8574.0,8574.0,5.1049872E-5
8575.0,8575.0,0.062737405
8576.0,8576.0,0.14305843
8577.0,8577.0,0.08187434
8578.0,8578.0,0.13916662
8579.0,8579.0,0.14675185
8580.0,8580.0,0.06928462
8581.0,8581.0,0.4135013
8582.0,8582.0,0.12680794
8583.0,8583.0,0.1602173
8584.0,8584.0,0.05723149
8585.0,8585.0,0.049901254
8586.0,8586.0,0.00133837
8587.0,8587.0,0.097713776
8588.0,8588.0,0.08375529
8589.0,8589.0,0.097066924
8590.0,8590.0,0.1295944
8591.0,8591.0,0.03513472
8592.0,8592.0,0.028621431
8593.0,8593.0,0.06230568
8594.0,8594.0,0.029636342
8595.0,8595.0,0.08135396
8596.0,8596.0,0.21696629
8597.0,8597.0,0.04810202
8598.0,8598.0,0.26649797
8599.0,8599.0,0.23069732
8600.0,8600.0,0.19560431
8601.0,8601.0,0.32275993
8602.0,8602.0,0.7346808
8603.0,8603.0,0.20711952
8604.0,8604.0,0.0806103
8605.0,8605.0,2.9741126E-4
8606.0,8606.0,0.14629745
8607.0,8607.0,0.060893923
8608.0,8608.0,0.13054882
8609.0,8609.0,0.010489558
8610.0,8610.0,0.0058707357
8611.0,8611.0,0.11086418
8612.0,8612.0,0.17926534
8613.0,8613.0,0.0043522078
8614.0,8614.0,0.0074971574
8615.0,8615.0,0.103550196
8616.0,8616.0,6.611677E-6
8617.0,8617.0,0.036884237
8618.0,8618.0,0.15641698
8619.0,8619.0,0.040977906
8620.0,8620.0,0.11660109
8621.0,8621.0,0.74637765
8622.0,8622.0,3.467797E-5
8623.0,8623.0,0.054668374
8624.0,8624.0,0.11441469
8625.0,8625.0,0.14312035
8626.0,8626.0,0.14801437
8627.0,8627.0,0.08182262
8628.0,8628.0,1.4413422E-4
8629.0,8629.0,1.6971293E-5
8630.0,8630.0,0.112471335
8631.0,8631.0,0.115196064
8632.0,8632.0,0.0013056805
8633.0,8633.0,0.21474698
8634.0,8634.0,0.11884208
8635.0,8635.0,0.05156238
8636.0,8636.0,0.8265839
8637.0,8637.0,0.103870206
8638.0,8638.0,0.015733188
8639.0,8639.0,0.20294812
8640.0,8640.0,0.4268839
8641.0,8641.0,0.119667314
8642.0,8642.0,0.8067727
8643.0,8643.0,0.09753525
8644.0,8644.0,0.18601716
8645.0,8645.0,0.32986814
8646.0,8646.0,0.034224246
8647.0,8647.0,0.103324026
8648.0,8648.0,0.08433431
8649.0,8649.0,0.058780488
8650.0,8650.0,0.37847048
8651.0,8651.0,0.036770824
8652.0,8652.0,0.16453975
8653.0,8653.0,0.048576016
8654.0,8654.0,0.10719135
8655.0,8655.0,0.15384483
8656.0,8656.0,0.21776147
8657.0,8657.0,0.25046209
8658.0,8658.0,0.096635856
8659.0,8659.0,0.5952896
8660.0,8660.0,0.19763868
8661.0,8661.0,0.15303689
8662.0,8662.0,0.071122624
8663.0,8663.0,0.15427433
8664.0,8664.0,0.07939842
8665.0,8665.0,0.08455915
8666.0,8666.0,0.044993535
8667.0,8667.0,1.8978119E-4
8668.0,8668.0,0.7766425
8669.0,8669.0,0.7153781
8670.0,8670.0,0.027792364
8671.0,8671.0,0.10846174
8672.0,8672.0,0.054820664
8673.0,8673.0,0.121010885
8674.0,8674.0,0.06718195
8675.0,8675.0,0.17752059
8676.0,8676.0,0.044490382
8677.0,8677.0,0.78000504
8678.0,8678.0,0.11623414
8679.0,8679.0,3.308589E-4
8680.0,8680.0,0.018799597
8681.0,8681.0,0.087277114
8682.0,8682.0,0.08804182
8683.0,8683.0,0.23294611
8684.0,8684.0,0.75043696
8685.0,8685.0,7.906787E-5
8686.0,8686.0,0.10729808
8687.0,8687.0,0.041532703
8688.0,8688.0,0.10257334
8689.0,8689.0,0.0172066
8690.0,8690.0,2.0933705E-6
8691.0,8691.0,0.07662557
8692.0,8692.0,0.20665106
8693.0,8693.0,0.85172683
8694.0,8694.0,0.07562345
8695.0,8695.0,0.37249687
8696.0,8696.0,0.070934206
8697.0,8697.0,0.01651113
8698.0,8698.0,0.24331126
8699.0,8699.0,0.20556757
8700.0,8700.0,0.1446664
8701.0,8701.0,3.4933828E-4
8702.0,8702.0,0.09859973
8703.0,8703.0,0.07500796
8704.0,8704.0,0.0908855
8705.0,8705.0,0.03033947
8706.0,8706.0,0.16593175
8707.0,8707.0,0.06196497
8708.0,8708.0,0.098331206
8709.0,8709.0,0.66272414
8710.0,8710.0,0.09168963
8711.0,8711.0,0.39001724
8712.0,8712.0,0.037989523
8713.0,8713.0,0.1299099
8714.0,8714.0,0.08203648
8715.0,8715.0,0.046920422
8716.0,8716.0,0.093027346
8717.0,8717.0,0.42300126
8718.0,8718.0,0.06871042
8719.0,8719.0,0.016550343
8720.0,8720.0,0.013543252
8721.0,8721.0,0.06555783
8722.0,8722.0,0.16726796
8723.0,8723.0,0.2927797
8724.0,8724.0,0.39000294
8725.0,8725.0,0.02721361
8726.0,8726.0,0.3544885
8727.0,8727.0,0.7764556
8728.0,8728.0,0.31980297
8729.0,8729.0,0.76573664
8730.0,8730.0,0.09817079
8731.0,8731.0,0.76881045
8732.0,8732.0,0.020881938
8733.0,8733.0,0.18601304
8734.0,8734.0,0.3635674
8735.0,8735.0,1.0684466E-4
8736.0,8736.0,0.7423128
8737.0,8737.0,0.6635477
8738.0,8738.0,0.058219194
8739.0,8739.0,0.07193771
8740.0,8740.0,0.19006681
8741.0,8741.0,0.17052992
8742.0,8742.0,0.7516771
8743.0,8743.0,0.22329342
8744.0,8744.0,0.11708871
8745.0,8745.0,0.15870908
8746.0,8746.0,0.11318911
8747.0,8747.0,0.0011000985
8748.0,8748.0,0.036353488
8749.0,8749.0,4.236587E-4
8750.0,8750.0,0.0068061138
8751.0,8751.0,0.07906199
8752.0,8752.0,9.451573E-5
8753.0,8753.0,0.7810339
8754.0,8754.0,0.07084201
8755.0,8755.0,0.08775143
8756.0,8756.0,0.054750055
8757.0,8757.0,0.09749608
8758.0,8758.0,0.19634283
8759.0,8759.0,2.367484E-4
8760.0,8760.0,0.08334589
8761.0,8761.0,3.5593082E-6
8762.0,8762.0,0.31356254
8763.0,8763.0,0.16074772
8764.0,8764.0,0.008172324
8765.0,8765.0,0.1232826
8766.0,8766.0,0.06097074
8767.0,8767.0,0.34317124
8768.0,8768.0,2.1676758E-5
8769.0,8769.0,0.045333494
8770.0,8770.0,0.061911758
8771.0,8771.0,0.109215885
8772.0,8772.0,0.09906148
8773.0,8773.0,0.39115942
8774.0,8774.0,0.80901414
8775.0,8775.0,0.18313885
8776.0,8776.0,0.049751658
8777.0,8777.0,0.4415287
8778.0,8778.0,9.5378613E-4
8779.0,8779.0,0.084597945
8780.0,8780.0,0.17529339
8781.0,8781.0,1.5317526E-5
8782.0,8782.0,0.775683
8783.0,8783.0,0.046282765
8784.0,8784.0,7.774348E-4
8785.0,8785.0,0.6894445
8786.0,8786.0,0.058133014
8787.0,8787.0,0.10987572
8788.0,8788.0,0.14724715
8789.0,8789.0,0.17818354
8790.0,8790.0,0.04503379
8791.0,8791.0,0.14216506
8792.0,8792.0,0.16379665
8793.0,8793.0,0.52143407
8794.0,8794.0,0.050983794
8795.0,8795.0,0.008545488
8796.0,8796.0,0.003015845
8797.0,8797.0,0.5962099
8798.0,8798.0,0.002404058
8799.0,8799.0,0.12878591
8800.0,8800.0,0.08968262
8801.0,8801.0,0.052950155
8802.0,8802.0,0.8086829
8803.0,8803.0,0.054247744
8804.0,8804.0,0.03655015
8805.0,8805.0,0.7587268
8806.0,8806.0,0.737629
8807.0,8807.0,0.048237905
8808.0,8808.0,1.3250073E-4
8809.0,8809.0,0.081387945
8810.0,8810.0,0.6736495
8811.0,8811.0,0.09128024
8812.0,8812.0,0.75418067
8813.0,8813.0,0.05150954
8814.0,8814.0,0.499159
8815.0,8815.0,0.052671622
8816.0,8816.0,0.05176375
8817.0,8817.0,5.863055E-4
8818.0,8818.0,0.028585842
8819.0,8819.0,2.9433845E-6
8820.0,8820.0,0.29463252
8821.0,8821.0,0.022171656
8822.0,8822.0,0.1147494
8823.0,8823.0,0.0015133966
8824.0,8824.0,0.05805419
8825.0,8825.0,0.7575021
8826.0,8826.0,3.1103002E-6
8827.0,8827.0,0.055767477
8828.0,8828.0,0.76169056
8829.0,8829.0,0.02901994
8830.0,8830.0,0.2073386
8831.0,8831.0,0.052300695
8832.0,8832.0,0.029106528
8833.0,8833.0,0.18668057
8834.0,8834.0,0.16174588
8835.0,8835.0,3.8677677E-5
8836.0,8836.0,0.3791731
8837.0,8837.0,2.1038039E-4
8838.0,8838.0,0.073060095
8839.0,8839.0,0.020867461
8840.0,8840.0,0.05942794
8841.0,8841.0,0.030603012
8842.0,8842.0,0.1799268
8843.0,8843.0,0.024259279
8844.0,8844.0,4.0676826E-4
8845.0,8845.0,0.15935943
8846.0,8846.0,9.261062E-6
8847.0,8847.0,0.7468833
8848.0,8848.0,0.04923923
8849.0,8849.0,0.09108348
8850.0,8850.0,0.017433105
8851.0,8851.0,0.0014850075
8852.0,8852.0,0.1040278
8853.0,8853.0,0.067069344
8854.0,8854.0,6.494035E-6
8855.0,8855.0,0.035501394
8856.0,8856.0,0.062360782
8857.0,8857.0,0.118117884
8858.0,8858.0,0.17067689
8859.0,8859.0,0.8165447
8860.0,8860.0,0.09092838
8861.0,8861.0,0.09251735
8862.0,8862.0,0.098705925
8863.0,8863.0,0.2977527
8864.0,8864.0,0.05461953
8865.0,8865.0,0.0471871
8866.0,8866.0,0.050629042
8867.0,8867.0,0.044112846
8868.0,8868.0,0.12584916
8869.0,8869.0,0.73377854
8870.0,8870.0,0.0027157455
8871.0,8871.0,0.4471693
8872.0,8872.0,0.07470967
8873.0,8873.0,0.0015593434
8874.0,8874.0,0.7849252
8875.0,8875.0,0.03380642
8876.0,8876.0,0.09448401
8877.0,8877.0,0.060937114
8878.0,8878.0,0.1306911
8879.0,8879.0,0.09253393
8880.0,8880.0,0.024976049
8881.0,8881.0,0.0014323769
8882.0,8882.0,0.15720142
8883.0,8883.0,0.01917821
8884.0,8884.0,0.18699671
8885.0,8885.0,0.3697586
8886.0,8886.0,0.46924934
8887.0,8887.0,0.11402315
8888.0,8888.0,1.3298765E-4
8889.0,8889.0,0.7125944
8890.0,8890.0,0.32996404
8891.0,8891.0,0.13090493
8892.0,8892.0,0.023545062
8893.0,8893.0,0.08080193
8894.0,8894.0,0.14724079
8895.0,8895.0,0.019979984
8896.0,8896.0,0.8585959
8897.0,8897.0,3.2915104E-5
8898.0,8898.0,0.0012529169
8899.0,8899.0,0.11194053
8900.0,8900.0,0.0021630153
8901.0,8901.0,0.33210492
8902.0,8902.0,0.062761925
8903.0,8903.0,0.074299134
8904.0,8904.0,0.16776842
8905.0,8905.0,0.13882664
8906.0,8906.0,0.12445392
8907.0,8907.0,0.5084278
8908.0,8908.0,0.5668213
8909.0,8909.0,0.25423616
8910.0,8910.0,0.06391504
8911.0,8911.0,0.08054462
8912.0,8912.0,0.7976737
8913.0,8913.0,0.7932597
8914.0,8914.0,0.086449236
8915.0,8915.0,0.1861868
8916.0,8916.0,0.7768457
8917.0,8917.0,2.9982461E-6
8918.0,8918.0,0.1138494
8919.0,8919.0,0.05665878
8920.0,8920.0,0.61647415
8921.0,8921.0,0.389677
8922.0,8922.0,0.15909705
8923.0,8923.0,0.050832234
8924.0,8924.0,0.11451598
8925.0,8925.0,0.15449244
8926.0,8926.0,0.08696257
8927.0,8927.0,0.05852388
8928.0,8928.0,0.19308826
8929.0,8929.0,0.65703887
8930.0,8930.0,0.074560076
8931.0,8931.0,0.72909135
8932.0,8932.0,0.18601744
8933.0,8933.0,6.976357E-4
8934.0,8934.0,0.0322757
8935.0,8935.0,0.6162306
8936.0,8936.0,0.048692368
8937.0,8937.0,0.12485761
8938.0,8938.0,0.059782557
8939.0,8939.0,0.19822432
8940.0,8940.0,0.6528622
8941.0,8941.0,0.79988474
8942.0,8942.0,0.068074174
8943.0,8943.0,0.05977754
8944.0,8944.0,0.2081166
8945.0,8945.0,0.0010203164
8946.0,8946.0,0.1106512
8947.0,8947.0,0.118002705
8948.0,8948.0,0.08313575
8949.0,8949.0,0.17707974
8950.0,8950.0,0.38182583
8951.0,8951.0,0.05019102
8952.0,8952.0,0.040840723
8953.0,8953.0,0.7257165
8954.0,8954.0,0.14417826
8955.0,8955.0,0.06870485
8956.0,8956.0,0.002193047
8957.0,8957.0,0.065618284
8958.0,8958.0,0.103399076
8959.0,8959.0,0.0954509
8960.0,8960.0,0.08618935
8961.0,8961.0,0.12951005
8962.0,8962.0,0.7676001
8963.0,8963.0,0.09287541
8964.0,8964.0,0.06005585
8965.0,8965.0,0.0027903786
8966.0,8966.0,9.10557E-6
8967.0,8967.0,0.0060590827
8968.0,8968.0,8.3981495E-4
8969.0,8969.0,0.078206725
8970.0,8970.0,0.009177415
8971.0,8971.0,0.06183809
8972.0,8972.0,0.016917618
8973.0,8973.0,0.15519807
8974.0,8974.0,0.12620887
8975.0,8975.0,0.020445297
8976.0,8976.0,0.04980565
8977.0,8977.0,0.10546539
8978.0,8978.0,0.5404206
8979.0,8979.0,0.07384938
8980.0,8980.0,0.030345455
8981.0,8981.0,0.04657241
8982.0,8982.0,0.06764206
8983.0,8983.0,0.04634217
8984.0,8984.0,0.20627464
8985.0,8985.0,0.018054787
8986.0,8986.0,3.2938662E-4
8987.0,8987.0,0.040041912
8988.0,8988.0,0.033314493
8989.0,8989.0,0.6743926
8990.0,8990.0,0.10245206
8991.0,8991.0,0.088188216
8992.0,8992.0,0.175769
8993.0,8993.0,0.35702777
8994.0,8994.0,0.09611746
8995.0,8995.0,0.050839365
8996.0,8996.0,0.77902097
8997.0,8997.0,0.50057
8998.0,8998.0,0.26192692
8999.0,8999.0,0.012766533
9000.0,9000.0,0.044033702
9001.0,9001.0,3.7607842E-5
9002.0,9002.0,0.049861666
9003.0,9003.0,0.05414411
9004.0,9004.0,0.14793262
9005.0,9005.0,0.061970904
9006.0,9006.0,4.5871906E-4
9007.0,9007.0,0.09287778
9008.0,9008.0,0.18795724
9009.0,9009.0,0.37263167
9010.0,9010.0,3.390454E-4
9011.0,9011.0,0.056583755
9012.0,9012.0,0.07727171
9013.0,9013.0,0.09169315
9014.0,9014.0,0.083756015
9015.0,9015.0,0.037955355
9016.0,9016.0,0.007959914
9017.0,9017.0,0.44795224
9018.0,9018.0,0.103813805
9019.0,9019.0,0.4694161
9020.0,9020.0,0.35207853
9021.0,9021.0,4.8016766E-4
9022.0,9022.0,0.70389473
9023.0,9023.0,0.078317486
9024.0,9024.0,0.83855957
9025.0,9025.0,0.08040348
9026.0,9026.0,0.5826361
9027.0,9027.0,0.037826702
9028.0,9028.0,0.733014
9029.0,9029.0,0.14453681
9030.0,9030.0,0.20255788
9031.0,9031.0,0.054499596
9032.0,9032.0,0.1560794
9033.0,9033.0,0.053708788
9034.0,9034.0,0.005089168
9035.0,9035.0,0.26071417
9036.0,9036.0,0.1332517
9037.0,9037.0,0.89454323
9038.0,9038.0,0.07800561
9039.0,9039.0,0.6114589
9040.0,9040.0,0.76436126
9041.0,9041.0,0.009057739
9042.0,9042.0,0.0370511
9043.0,9043.0,0.1025934
9044.0,9044.0,0.08771029
9045.0,9045.0,0.09303458
9046.0,9046.0,0.08203309
9047.0,9047.0,0.33118713
9048.0,9048.0,0.17078185
9049.0,9049.0,0.061052755
9050.0,9050.0,0.11653428
9051.0,9051.0,0.03975361
9052.0,9052.0,0.049055733
9053.0,9053.0,0.16157919
9054.0,9054.0,0.04498629
9055.0,9055.0,0.7779626
9056.0,9056.0,0.33508748
9057.0,9057.0,0.3604757
9058.0,9058.0,0.0419385
9059.0,9059.0,0.13415125
9060.0,9060.0,0.03627139
9061.0,9061.0,0.03862011
9062.0,9062.0,0.059624404
9063.0,9063.0,0.070252374
9064.0,9064.0,0.7965234
9065.0,9065.0,0.29271477
9066.0,9066.0,0.22170275
9067.0,9067.0,0.052276425
9068.0,9068.0,0.056517188
9069.0,9069.0,0.07862723
9070.0,9070.0,2.3936702E-5
9071.0,9071.0,0.08136881
9072.0,9072.0,0.051679336
9073.0,9073.0,0.21113732
9074.0,9074.0,0.002214392
9075.0,9075.0,0.19430459
9076.0,9076.0,0.017330766
9077.0,9077.0,0.0014478682
9078.0,9078.0,0.12422319
9079.0,9079.0,0.03236031
9080.0,9080.0,0.07256514
9081.0,9081.0,0.049230654
9082.0,9082.0,0.08033346
9083.0,9083.0,0.34525523
9084.0,9084.0,0.10191691
9085.0,9085.0,4.9362978E-5
9086.0,9086.0,0.25127086
9087.0,9087.0,0.42907324
9088.0,9088.0,0.11002856
9089.0,9089.0,0.05117649
9090.0,9090.0,0.049063966
9091.0,9091.0,0.05810798
9092.0,9092.0,0.1247452
9093.0,9093.0,5.218945E-5
9094.0,9094.0,0.31512284
9095.0,9095.0,0.10201892
9096.0,9096.0,0.080390975
9097.0,9097.0,0.25681376
9098.0,9098.0,0.58336484
9099.0,9099.0,0.0830738
9100.0,9100.0,0.26495984
9101.0,9101.0,0.09658676
9102.0,9102.0,0.20814514
9103.0,9103.0,0.81531733
9104.0,9104.0,0.038246263
9105.0,9105.0,0.089276366
9106.0,9106.0,0.5429908
9107.0,9107.0,0.09181297
9108.0,9108.0,0.24753532
9109.0,9109.0,0.05881868
9110.0,9110.0,0.48676428
9111.0,9111.0,0.10627244
9112.0,9112.0,0.6822795
9113.0,9113.0,0.14164259
9114.0,9114.0,7.481193E-5
9115.0,9115.0,0.26189077
9116.0,9116.0,0.06769678
9117.0,9117.0,0.6697652
9118.0,9118.0,0.7935139
9119.0,9119.0,0.7250597
9120.0,9120.0,0.1907294
9121.0,9121.0,0.015793545
9122.0,9122.0,0.038535316
9123.0,9123.0,0.07508207
9124.0,9124.0,0.56556123
9125.0,9125.0,0.057672653
9126.0,9126.0,0.1852353
9127.0,9127.0,3.8107744E-4
9128.0,9128.0,0.7356834
9129.0,9129.0,0.18836771
9130.0,9130.0,0.045763083
9131.0,9131.0,0.15424363
9132.0,9132.0,0.21854737
9133.0,9133.0,0.016517628
9134.0,9134.0,0.2840164
9135.0,9135.0,2.5529422E-5
9136.0,9136.0,0.04828223
9137.0,9137.0,0.2896321
9138.0,9138.0,0.20160057
9139.0,9139.0,0.07170064
9140.0,9140.0,0.5257464
9141.0,9141.0,0.8596963
9142.0,9142.0,0.08378135
9143.0,9143.0,0.6965876
9144.0,9144.0,0.090262465
9145.0,9145.0,0.65730965
9146.0,9146.0,0.076221965
9147.0,9147.0,0.09014088
9148.0,9148.0,0.009048363
9149.0,9149.0,0.07851774
9150.0,9150.0,0.11030838
9151.0,9151.0,0.20273225
9152.0,9152.0,0.308329
9153.0,9153.0,0.30512902
9154.0,9154.0,0.085495085
9155.0,9155.0,0.1748022
9156.0,9156.0,0.18515272
9157.0,9157.0,0.7004504
9158.0,9158.0,0.17814903
9159.0,9159.0,0.7213414
9160.0,9160.0,0.25266793
9161.0,9161.0,0.07163162
9162.0,9162.0,0.07795661
9163.0,9163.0,0.6901132
9164.0,9164.0,0.00390915
9165.0,9165.0,0.15227735
9166.0,9166.0,0.8151495
9167.0,9167.0,0.78819436
9168.0,9168.0,0.041843098
9169.0,9169.0,0.4811377
9170.0,9170.0,3.302021E-6
9171.0,9171.0,0.3718238
9172.0,9172.0,0.4629164
9173.0,9173.0,0.09099882
9174.0,9174.0,0.004085631
9175.0,9175.0,0.70561373
9176.0,9176.0,0.03268078
9177.0,9177.0,0.80476516
9178.0,9178.0,0.097037114
9179.0,9179.0,0.6530225
9180.0,9180.0,0.11523872
9181.0,9181.0,0.14927982
9182.0,9182.0,0.15075289
9183.0,9183.0,0.08552328
9184.0,9184.0,0.27749568
9185.0,9185.0,0.1812337
9186.0,9186.0,0.17567386
9187.0,9187.0,0.13950238
9188.0,9188.0,0.74429023
9189.0,9189.0,0.0052352147
9190.0,9190.0,0.22179514
9191.0,9191.0,0.71011984
9192.0,9192.0,0.06693541
9193.0,9193.0,0.16932248
9194.0,9194.0,0.08797217
9195.0,9195.0,0.21625838
9196.0,9196.0,1.0799305E-4
9197.0,9197.0,1.02065234E-4
9198.0,9198.0,0.19583735
9199.0,9199.0,0.6873908
9200.0,9200.0,0.7644921
9201.0,9201.0,0.11742298
9202.0,9202.0,0.22082523
9203.0,9203.0,0.31350952
9204.0,9204.0,0.1035773
9205.0,9205.0,0.07831663
9206.0,9206.0,0.25499025
9207.0,9207.0,0.12694503
9208.0,9208.0,0.070396155
9209.0,9209.0,0.060662106
9210.0,9210.0,0.016629856
9211.0,9211.0,0.69170463
9212.0,9212.0,4.5432353E-6
9213.0,9213.0,0.006130079
9214.0,9214.0,0.7568437
9215.0,9215.0,0.12559412
9216.0,9216.0,7.483899E-4
9217.0,9217.0,0.08594182
9218.0,9218.0,0.13960406
9219.0,9219.0,0.057778433
9220.0,9220.0,0.009186525
9221.0,9221.0,0.07748017
9222.0,9222.0,0.12022729
9223.0,9223.0,0.16035543
9224.0,9224.0,0.09781884
9225.0,9225.0,0.18382503
9226.0,9226.0,0.30903438
9227.0,9227.0,0.0048259464
9228.0,9228.0,0.06154006
9229.0,9229.0,0.2334209
9230.0,9230.0,0.12478548
9231.0,9231.0,0.051066387
9232.0,9232.0,0.15048602
9233.0,9233.0,0.7360482
9234.0,9234.0,0.04223694
9235.0,9235.0,0.085098006
9236.0,9236.0,0.25372124
9237.0,9237.0,0.16423084
9238.0,9238.0,0.44747156
9239.0,9239.0,0.052402087
9240.0,9240.0,0.06738568
9241.0,9241.0,0.7463376
9242.0,9242.0,0.4696872
9243.0,9243.0,2.5800631E-5
9244.0,9244.0,0.0643794
9245.0,9245.0,0.1665129
9246.0,9246.0,0.0014925303
9247.0,9247.0,0.029554674
9248.0,9248.0,0.1748516
9249.0,9249.0,0.08929044
9250.0,9250.0,0.085391775
9251.0,9251.0,5.8521255E-5
9252.0,9252.0,0.4984592
9253.0,9253.0,0.27464816
9254.0,9254.0,0.095550075
9255.0,9255.0,0.7492235
9256.0,9256.0,0.007237022
9257.0,9257.0,0.76518464
9258.0,9258.0,0.24048969
9259.0,9259.0,0.074530706
9260.0,9260.0,0.3136964
9261.0,9261.0,0.050586388
9262.0,9262.0,0.048236277
9263.0,9263.0,0.06928588
9264.0,9264.0,0.23331532
9265.0,9265.0,0.13832855
9266.0,9266.0,0.34861454
9267.0,9267.0,0.042361584
9268.0,9268.0,0.032902814
9269.0,9269.0,0.18274377
9270.0,9270.0,0.0400243
9271.0,9271.0,0.08447439
9272.0,9272.0,0.0067689894
9273.0,9273.0,0.07899393
9274.0,9274.0,0.07425518
9275.0,9275.0,0.07775705
9276.0,9276.0,0.08630687
9277.0,9277.0,0.7622785
9278.0,9278.0,0.0010897032
9279.0,9279.0,0.13035667
9280.0,9280.0,0.060113788
9281.0,9281.0,0.25785378
9282.0,9282.0,0.14356315
9283.0,9283.0,0.38511688
9284.0,9284.0,0.21437606
9285.0,9285.0,0.07460656
9286.0,9286.0,0.17984378
9287.0,9287.0,0.7588997
9288.0,9288.0,0.091274284
9289.0,9289.0,0.08684363
9290.0,9290.0,0.70295125
9291.0,9291.0,0.08198415
9292.0,9292.0,0.06008178
9293.0,9293.0,0.08165806
9294.0,9294.0,0.74742126
9295.0,9295.0,0.18737006
9296.0,9296.0,0.5959696
9297.0,9297.0,0.107519045
9298.0,9298.0,0.21375942
9299.0,9299.0,0.19477317
9300.0,9300.0,0.02644225
9301.0,9301.0,0.045210715
9302.0,9302.0,0.7589522
9303.0,9303.0,0.10925792
9304.0,9304.0,0.10798777
9305.0,9305.0,3.8475904E-5
9306.0,9306.0,0.12372325
9307.0,9307.0,0.7004007
9308.0,9308.0,0.0051108333
9309.0,9309.0,0.2419705
9310.0,9310.0,0.13081504
9311.0,9311.0,0.40716556
9312.0,9312.0,0.16820669
9313.0,9313.0,1.8745249E-6
9314.0,9314.0,0.49360174
9315.0,9315.0,0.39508638
9316.0,9316.0,0.046339445
9317.0,9317.0,0.31059295
9318.0,9318.0,0.027147494
9319.0,9319.0,0.1773973
9320.0,9320.0,3.849101E-4
9321.0,9321.0,8.945446E-4
9322.0,9322.0,0.39848194
9323.0,9323.0,0.44673592
9324.0,9324.0,0.118832715
9325.0,9325.0,0.044263594
9326.0,9326.0,0.11364783
9327.0,9327.0,0.14019775
9328.0,9328.0,0.13451792
9329.0,9329.0,0.018687362
9330.0,9330.0,0.014792764
9331.0,9331.0,0.78042793
9332.0,9332.0,0.05232974
9333.0,9333.0,0.753848
9334.0,9334.0,0.7990472
9335.0,9335.0,0.21875298
9336.0,9336.0,0.005202972
9337.0,9337.0,0.3428774
9338.0,9338.0,0.1683504
9339.0,9339.0,0.0845439
9340.0,9340.0,0.13152769
9341.0,9341.0,0.2681969
9342.0,9342.0,0.0026758006
9343.0,9343.0,0.078378625
9344.0,9344.0,0.07527297
9345.0,9345.0,0.03944503
9346.0,9346.0,0.13536426
9347.0,9347.0,0.7472664
9348.0,9348.0,0.6588738
9349.0,9349.0,0.10422302
9350.0,9350.0,0.117472835
9351.0,9351.0,0.7167493
9352.0,9352.0,0.07457424
9353.0,9353.0,0.07717855
9354.0,9354.0,0.028824816
9355.0,9355.0,0.28194052
9356.0,9356.0,0.07829759
9357.0,9357.0,0.073340304
9358.0,9358.0,4.6788823E-6
9359.0,9359.0,0.11507899
9360.0,9360.0,0.47349742
9361.0,9361.0,0.054447014
9362.0,9362.0,0.0121040065
9363.0,9363.0,0.06608534
9364.0,9364.0,0.10036649
9365.0,9365.0,0.5538237
9366.0,9366.0,0.05465308
9367.0,9367.0,0.78011453
9368.0,9368.0,0.031117937
9369.0,9369.0,0.074038416
9370.0,9370.0,0.25345415
9371.0,9371.0,0.7325435
9372.0,9372.0,0.058547724
9373.0,9373.0,0.18151355
9374.0,9374.0,0.42991078
9375.0,9375.0,0.19089128
9376.0,9376.0,0.18179476
9377.0,9377.0,0.0813703
9378.0,9378.0,0.18013118
9379.0,9379.0,0.22875875
9380.0,9380.0,0.07518216
9381.0,9381.0,0.049335867
9382.0,9382.0,0.08342218
9383.0,9383.0,0.17718096
9384.0,9384.0,0.058307417
9385.0,9385.0,0.07241014
9386.0,9386.0,0.08372206
9387.0,9387.0,0.090146616
9388.0,9388.0,0.031037308
9389.0,9389.0,0.17771083
9390.0,9390.0,0.05817704
9391.0,9391.0,0.11966423
9392.0,9392.0,0.83326364
9393.0,9393.0,0.102032766
9394.0,9394.0,2.2228232E-4
9395.0,9395.0,0.083110444
9396.0,9396.0,0.14708616
9397.0,9397.0,0.039711688
9398.0,9398.0,0.082262956
9399.0,9399.0,0.0013223665
9400.0,9400.0,0.76293266
9401.0,9401.0,0.0012467832
9402.0,9402.0,0.42276537
9403.0,9403.0,1.145614E-5
9404.0,9404.0,0.76192313
9405.0,9405.0,0.03107393
9406.0,9406.0,0.09424523
9407.0,9407.0,0.5832386
9408.0,9408.0,0.059326466
9409.0,9409.0,0.5415464
9410.0,9410.0,0.4434199
9411.0,9411.0,0.13730818
9412.0,9412.0,0.06122887
9413.0,9413.0,0.044851363
9414.0,9414.0,0.10021184
9415.0,9415.0,0.036099434
9416.0,9416.0,0.021768127
9417.0,9417.0,0.06953658
9418.0,9418.0,0.061079904
9419.0,9419.0,0.7751309
9420.0,9420.0,0.75088835
9421.0,9421.0,0.09876756
9422.0,9422.0,0.117850594
9423.0,9423.0,0.31794858
9424.0,9424.0,8.9020224E-4
9425.0,9425.0,0.35355797
9426.0,9426.0,0.22835042
9427.0,9427.0,0.748228
9428.0,9428.0,9.247456E-4
9429.0,9429.0,0.14294104
9430.0,9430.0,7.3430815E-4
9431.0,9431.0,0.75410587
9432.0,9432.0,0.070199825
9433.0,9433.0,0.17255141
9434.0,9434.0,0.8392952
9435.0,9435.0,0.12755692
9436.0,9436.0,0.07343559
9437.0,9437.0,0.6088971
9438.0,9438.0,0.08069514
9439.0,9439.0,0.16690104
9440.0,9440.0,0.014268599
9441.0,9441.0,0.14397171
9442.0,9442.0,0.76629674
9443.0,9443.0,0.020966975
9444.0,9444.0,0.017028287
9445.0,9445.0,0.25626597
9446.0,9446.0,0.06254864
9447.0,9447.0,0.38403147
9448.0,9448.0,0.08808338
9449.0,9449.0,0.77656406
9450.0,9450.0,0.70804006
9451.0,9451.0,0.16486424
9452.0,9452.0,0.45423314
9453.0,9453.0,0.1520286
9454.0,9454.0,5.244216E-4
9455.0,9455.0,0.039576408
9456.0,9456.0,0.83012646
9457.0,9457.0,0.03568271
9458.0,9458.0,0.065730676
9459.0,9459.0,0.3142393
9460.0,9460.0,0.24504878
9461.0,9461.0,0.11399708
9462.0,9462.0,0.004149909
9463.0,9463.0,0.41775724
9464.0,9464.0,0.11932605
9465.0,9465.0,0.082393914
9466.0,9466.0,0.19832267
9467.0,9467.0,0.46316677
9468.0,9468.0,0.4116281
9469.0,9469.0,8.686166E-4
9470.0,9470.0,0.59534365
9471.0,9471.0,5.1526225E-4
9472.0,9472.0,0.07490895
9473.0,9473.0,0.07730228
9474.0,9474.0,0.052355547
9475.0,9475.0,0.033361416
9476.0,9476.0,0.07951058
9477.0,9477.0,0.09442344
9478.0,9478.0,0.66998434
9479.0,9479.0,0.0013539974
9480.0,9480.0,0.113499485
9481.0,9481.0,0.80617934
9482.0,9482.0,0.052101027
9483.0,9483.0,0.12482126
9484.0,9484.0,0.031240348
9485.0,9485.0,0.07030383
9486.0,9486.0,0.06422923
9487.0,9487.0,0.024079377
9488.0,9488.0,0.059965555
9489.0,9489.0,0.2185242
9490.0,9490.0,6.9935E-4
9491.0,9491.0,3.5032447E-4
9492.0,9492.0,0.0301909
9493.0,9493.0,0.09529139
9494.0,9494.0,0.8376647
9495.0,9495.0,0.16941765
9496.0,9496.0,0.13221063
9497.0,9497.0,0.43236795
9498.0,9498.0,0.33061194
9499.0,9499.0,0.08050547
9500.0,9500.0,0.085268885
9501.0,9501.0,0.03286062
9502.0,9502.0,0.024433786
9503.0,9503.0,0.04473116
9504.0,9504.0,1.2273008E-4
9505.0,9505.0,0.23270497
9506.0,9506.0,0.05314604
9507.0,9507.0,0.10532575
9508.0,9508.0,0.71427584
9509.0,9509.0,0.08380082
9510.0,9510.0,0.18107635
9511.0,9511.0,0.058691602
9512.0,9512.0,0.12679417
9513.0,9513.0,0.17563693
9514.0,9514.0,0.005678661
9515.0,9515.0,0.03312997
9516.0,9516.0,0.06624879
9517.0,9517.0,0.47975042
9518.0,9518.0,0.083551
9519.0,9519.0,0.78606516
9520.0,9520.0,0.10900566
9521.0,9521.0,0.084224775
9522.0,9522.0,0.091568016
9523.0,9523.0,0.03202228
9524.0,9524.0,0.10846353
9525.0,9525.0,0.76737183
9526.0,9526.0,0.7179659
9527.0,9527.0,0.23168631
9528.0,9528.0,0.008463213
9529.0,9529.0,0.04526721
9530.0,9530.0,0.09169988
9531.0,9531.0,0.035101004
9532.0,9532.0,0.1508354
9533.0,9533.0,0.068331085
9534.0,9534.0,0.038667694
9535.0,9535.0,0.085943565
9536.0,9536.0,6.789785E-6
9537.0,9537.0,0.4381277
9538.0,9538.0,0.034626927
9539.0,9539.0,0.06847785
9540.0,9540.0,0.17133111
9541.0,9541.0,0.12481424
9542.0,9542.0,0.30715212
9543.0,9543.0,0.10810406
9544.0,9544.0,0.23694977
9545.0,9545.0,0.03284094
9546.0,9546.0,0.02113221
9547.0,9547.0,6.316392E-5
9548.0,9548.0,1.9962326E-4
9549.0,9549.0,0.87323684
9550.0,9550.0,0.079557925
9551.0,9551.0,0.36461914
9552.0,9552.0,0.0881887
9553.0,9553.0,0.7692661
9554.0,9554.0,0.037013758
9555.0,9555.0,0.79473495
9556.0,9556.0,0.04858846
9557.0,9557.0,0.12149899
9558.0,9558.0,0.099067375
9559.0,9559.0,0.0013363495
9560.0,9560.0,0.34548607
9561.0,9561.0,0.17944865
9562.0,9562.0,0.13382746
9563.0,9563.0,0.4901718
9564.0,9564.0,0.0661369
9565.0,9565.0,0.029672392
9566.0,9566.0,0.16476037
9567.0,9567.0,0.87214947
9568.0,9568.0,0.001604213
9569.0,9569.0,0.82249236
9570.0,9570.0,0.119521834
9571.0,9571.0,0.071818
9572.0,9572.0,0.22960633
9573.0,9573.0,0.022773562
9574.0,9574.0,0.7632818
9575.0,9575.0,0.093987
9576.0,9576.0,0.03673571
9577.0,9577.0,0.106108546
9578.0,9578.0,0.08297086
9579.0,9579.0,0.09718302
9580.0,9580.0,0.23272294
9581.0,9581.0,0.0263737
9582.0,9582.0,0.18291563
9583.0,9583.0,0.0878153
9584.0,9584.0,0.11730388
9585.0,9585.0,0.100836754
9586.0,9586.0,0.17634845
9587.0,9587.0,0.028476575
9588.0,9588.0,0.11451608
9589.0,9589.0,0.0969039
9590.0,9590.0,0.14885525
9591.0,9591.0,0.0029093311
9592.0,9592.0,0.08296174
9593.0,9593.0,0.7400376
9594.0,9594.0,0.30638608
9595.0,9595.0,0.11970994
9596.0,9596.0,0.07861291
9597.0,9597.0,0.05147667
9598.0,9598.0,0.079222776
9599.0,9599.0,0.10726237
9600.0,9600.0,3.8001563E-5
9601.0,9601.0,0.017724076
9602.0,9602.0,0.041180737
9603.0,9603.0,0.20486385
9604.0,9604.0,0.07363667
9605.0,9605.0,0.08464169
9606.0,9606.0,2.4692128E-5
9607.0,9607.0,0.30337602
9608.0,9608.0,0.07299297
9609.0,9609.0,0.72674805
9610.0,9610.0,0.14099453
9611.0,9611.0,0.08339023
9612.0,9612.0,0.36876127
9613.0,9613.0,0.03828901
9614.0,9614.0,0.11654636
9615.0,9615.0,0.8401651
9616.0,9616.0,0.21861431
9617.0,9617.0,0.0906028
9618.0,9618.0,0.08673304
9619.0,9619.0,0.08465789
9620.0,9620.0,0.04604762
9621.0,9621.0,0.1849678
9622.0,9622.0,0.004113231
9623.0,9623.0,0.06798834
9624.0,9624.0,0.04903967
9625.0,9625.0,0.11598932
9626.0,9626.0,0.6092145
9627.0,9627.0,0.046901565
9628.0,9628.0,0.90210545
9629.0,9629.0,1.188344E-5
9630.0,9630.0,9.488935E-4
9631.0,9631.0,0.12890522
9632.0,9632.0,0.071797796
9633.0,9633.0,0.51827776
9634.0,9634.0,0.14667551
9635.0,9635.0,0.09875463
9636.0,9636.0,0.026041683
9637.0,9637.0,0.65757823
9638.0,9638.0,0.6147426
9639.0,9639.0,0.7986446
9640.0,9640.0,0.39839882
9641.0,9641.0,0.12476796
9642.0,9642.0,0.5640248
9643.0,9643.0,0.15273131
9644.0,9644.0,0.09193102
9645.0,9645.0,0.008754107
9646.0,9646.0,1.16773945E-5
9647.0,9647.0,5.001063E-5
9648.0,9648.0,0.80370164
9649.0,9649.0,0.015301628
9650.0,9650.0,0.030783117
9651.0,9651.0,0.05844131
9652.0,9652.0,0.15238886
9653.0,9653.0,0.8332383
9654.0,9654.0,0.021987185
9655.0,9655.0,0.53242064
9656.0,9656.0,0.21061788
9657.0,9657.0,0.783943
9658.0,9658.0,0.21981928
9659.0,9659.0,0.08548493
9660.0,9660.0,0.09212854
9661.0,9661.0,0.0066614533
9662.0,9662.0,0.86010706
9663.0,9663.0,0.03171765
9664.0,9664.0,0.65990144
9665.0,9665.0,0.09470159
9666.0,9666.0,0.20197558
9667.0,9667.0,0.036066584
9668.0,9668.0,0.0010074215
9669.0,9669.0,0.022703279
